,날짜,종가,전일비,시가,고가,저가,거래량,Unnamed: 0.5,Unnamed: 0.4,Unnamed: 0.3,Unnamed: 0.2,Unnamed: 0.1,Unnamed: 0
0,2024.05.07,2530.0,하락  45,2575.0,2590.0,2510.0,316135.0,0.0,0.0,,,,
1,2024.05.03,2575.0,상승  20,2595.0,2695.0,2560.0,666089.0,1.0,1.0,,,,
2,2024.05.02,2555.0,상승  10,2540.0,2560.0,2500.0,221571.0,2.0,2.0,,,,
3,2024.04.30,2545.0,보합0,2545.0,2615.0,2530.0,404702.0,3.0,3.0,,,,
4,2024.04.29,2545.0,보합0,2545.0,2560.0,2485.0,332209.0,4.0,4.0,0.0,0.0,0.0,
5,2024.04.26,2545.0,상승  95,2500.0,2545.0,2435.0,420274.0,5.0,5.0,1.0,1.0,1.0,
6,2024.04.25,2450.0,하락  5,2470.0,2520.0,2440.0,481309.0,6.0,6.0,2.0,2.0,2.0,
7,2024.04.24,2455.0,상승  85,2410.0,2475.0,2410.0,310421.0,7.0,7.0,3.0,3.0,3.0,
8,2024.04.23,2370.0,하락  30,2400.0,2480.0,2370.0,273218.0,8.0,8.0,4.0,4.0,4.0,
9,2024.04.22,2400.0,상승  50,2355.0,2455.0,2355.0,220482.0,9.0,9.0,5.0,5.0,5.0,
10,2024.04.19,2350.0,하락  65,2420.0,2450.0,2315.0,334346.0,10.0,10.0,6.0,6.0,6.0,
11,2024.04.18,2415.0,상승  95,2300.0,2415.0,2300.0,370605.0,11.0,11.0,7.0,7.0,7.0,
12,2024.04.17,2320.0,20.0,2340.0,2405.0,2320.0,265453.0,12.0,12.0,8.0,8.0,8.0,0.0
13,2024.04.16,2340.0,85.0,2410.0,2425.0,2325.0,615818.0,13.0,13.0,9.0,9.0,9.0,1.0
14,2024.04.15,2425.0,115.0,2500.0,2530.0,2400.0,589451.0,14.0,14.0,10.0,10.0,10.0,2.0
15,2024.04.12,2540.0,0.0,2555.0,2620.0,2530.0,462667.0,15.0,15.0,11.0,11.0,11.0,3.0
16,2024.04.11,2540.0,55.0,2595.0,2610.0,2505.0,376142.0,16.0,16.0,12.0,12.0,12.0,4.0
17,2024.04.09,2595.0,100.0,2700.0,2730.0,2580.0,568311.0,17.0,17.0,13.0,13.0,13.0,5.0
18,2024.04.08,2695.0,160.0,2870.0,2870.0,2680.0,666295.0,18.0,18.0,14.0,14.0,14.0,6.0
19,2024.04.05,2855.0,10.0,2890.0,2915.0,2835.0,425401.0,19.0,19.0,15.0,15.0,15.0,7.0
20,2024.04.04,2845.0,0.0,2870.0,3040.0,2835.0,1243342.0,20.0,20.0,16.0,16.0,16.0,8.0
21,2024.04.03,2845.0,60.0,2905.0,2905.0,2840.0,552010.0,21.0,21.0,17.0,17.0,17.0,9.0
22,2024.04.02,2905.0,95.0,3000.0,3010.0,2900.0,621784.0,22.0,22.0,18.0,18.0,18.0,10.0
23,2024.04.01,3000.0,55.0,2960.0,3015.0,2960.0,445236.0,23.0,23.0,19.0,19.0,19.0,11.0
24,2024.03.29,2945.0,50.0,2995.0,3015.0,2940.0,647891.0,24.0,24.0,20.0,20.0,20.0,12.0
25,2024.03.28,2995.0,5.0,3015.0,3065.0,2980.0,656911.0,25.0,25.0,21.0,21.0,21.0,13.0
26,2024.03.27,2990.0,35.0,3020.0,3065.0,2985.0,795418.0,26.0,26.0,22.0,22.0,22.0,14.0
27,2024.03.26,3025.0,35.0,3060.0,3100.0,3015.0,593602.0,27.0,27.0,23.0,23.0,23.0,15.0
28,2024.03.25,3060.0,25.0,3035.0,3085.0,3000.0,653175.0,28.0,28.0,24.0,24.0,24.0,16.0
29,2024.03.22,3035.0,10.0,3050.0,3100.0,2990.0,959398.0,29.0,29.0,25.0,25.0,25.0,17.0
30,2024.03.21,3045.0,35.0,3110.0,3180.0,3035.0,808458.0,30.0,30.0,26.0,26.0,26.0,18.0
31,2024.03.20,3080.0,75.0,3155.0,3210.0,3040.0,924871.0,31.0,31.0,27.0,27.0,27.0,19.0
32,2024.03.19,3155.0,105.0,3290.0,3290.0,3145.0,846938.0,32.0,32.0,28.0,28.0,28.0,20.0
33,2024.03.18,3260.0,5.0,3260.0,3385.0,3230.0,1946459.0,33.0,33.0,29.0,29.0,29.0,21.0
34,2024.03.15,3265.0,155.0,3180.0,3405.0,3075.0,3476833.0,34.0,34.0,30.0,30.0,30.0,22.0
35,2024.03.14,3110.0,100.0,3250.0,3250.0,3105.0,632973.0,35.0,35.0,31.0,31.0,31.0,23.0
36,2024.03.13,3210.0,30.0,3180.0,3210.0,3100.0,1028373.0,36.0,36.0,32.0,32.0,32.0,24.0
37,2024.03.12,3180.0,255.0,2960.0,3310.0,2935.0,5366863.0,37.0,37.0,33.0,33.0,33.0,25.0
38,2024.03.11,2925.0,50.0,2875.0,3040.0,2850.0,1020657.0,38.0,38.0,34.0,34.0,34.0,26.0
39,2024.03.08,2875.0,0.0,2870.0,3000.0,2860.0,1032637.0,39.0,39.0,35.0,35.0,35.0,27.0
40,2024.03.07,2875.0,55.0,2930.0,2965.0,2850.0,645059.0,40.0,40.0,36.0,36.0,36.0,28.0
41,2024.03.06,2930.0,80.0,3015.0,3015.0,2930.0,794694.0,41.0,41.0,37.0,37.0,37.0,29.0
42,2024.03.05,3010.0,70.0,3085.0,3100.0,3005.0,692925.0,42.0,42.0,38.0,38.0,38.0,30.0
43,2024.03.04,3080.0,15.0,3100.0,3160.0,3080.0,588736.0,43.0,43.0,39.0,39.0,39.0,31.0
44,2024.02.29,3095.0,50.0,3170.0,3180.0,3070.0,557378.0,44.0,44.0,40.0,40.0,40.0,32.0
45,2024.02.28,3145.0,5.0,3110.0,3190.0,3110.0,495044.0,45.0,45.0,41.0,41.0,41.0,33.0
46,2024.02.27,3140.0,65.0,3230.0,3250.0,3130.0,638849.0,46.0,46.0,42.0,42.0,42.0,34.0
47,2024.02.26,3205.0,5.0,3200.0,3275.0,3190.0,624824.0,47.0,47.0,43.0,43.0,43.0,35.0
48,2024.02.23,3200.0,20.0,3235.0,3295.0,3195.0,641776.0,48.0,48.0,44.0,44.0,44.0,36.0
49,2024.02.22,3220.0,20.0,3260.0,3310.0,3210.0,597197.0,49.0,49.0,45.0,45.0,45.0,37.0
50,2024.02.21,3240.0,25.0,3240.0,3330.0,3225.0,697290.0,50.0,50.0,46.0,46.0,46.0,38.0
51,2024.02.20,3265.0,15.0,3245.0,3290.0,3210.0,412818.0,51.0,51.0,47.0,47.0,47.0,39.0
52,2024.02.19,3250.0,70.0,3290.0,3365.0,3230.0,653120.0,52.0,52.0,48.0,48.0,48.0,40.0
53,2024.02.16,3320.0,45.0,3395.0,3410.0,3290.0,730370.0,53.0,53.0,49.0,49.0,49.0,41.0
54,2024.02.15,3365.0,65.0,3330.0,3420.0,3275.0,1603517.0,54.0,54.0,50.0,50.0,50.0,42.0
55,2024.02.14,3300.0,45.0,3225.0,3340.0,3200.0,634797.0,55.0,55.0,51.0,51.0,51.0,43.0
56,2024.02.13,3255.0,95.0,3190.0,3270.0,3180.0,725080.0,56.0,56.0,52.0,52.0,52.0,44.0
57,2024.02.08,3160.0,45.0,3115.0,3215.0,3115.0,583264.0,57.0,57.0,53.0,53.0,53.0,45.0
58,2024.02.07,3115.0,15.0,3130.0,3220.0,3110.0,494788.0,58.0,58.0,54.0,54.0,54.0,46.0
59,2024.02.06,3100.0,50.0,3135.0,3175.0,3085.0,436199.0,59.0,59.0,55.0,55.0,55.0,47.0
60,2024.02.05,3150.0,5.0,3155.0,3210.0,3125.0,369246.0,60.0,60.0,56.0,56.0,56.0,48.0
61,2024.02.02,3155.0,25.0,3135.0,3175.0,3130.0,391651.0,61.0,61.0,57.0,57.0,57.0,49.0
62,2024.02.01,3130.0,55.0,3150.0,3185.0,3100.0,410108.0,62.0,62.0,58.0,58.0,58.0,50.0
63,2024.01.31,3185.0,90.0,3250.0,3320.0,3185.0,652128.0,63.0,63.0,59.0,59.0,59.0,51.0
64,2024.01.30,3275.0,0.0,3375.0,3380.0,3240.0,647533.0,64.0,64.0,60.0,60.0,60.0,52.0
65,2024.01.29,3275.0,75.0,3215.0,3350.0,3215.0,1068072.0,65.0,65.0,61.0,61.0,61.0,53.0
66,2024.01.26,3200.0,20.0,3185.0,3330.0,3160.0,893989.0,66.0,66.0,62.0,62.0,62.0,54.0
67,2024.01.25,3220.0,55.0,3195.0,3380.0,3180.0,1523455.0,67.0,67.0,63.0,63.0,63.0,55.0
68,2024.01.24,3165.0,35.0,3150.0,3565.0,3080.0,4166639.0,68.0,68.0,64.0,64.0,64.0,56.0
69,2024.01.23,3130.0,30.0,3160.0,3240.0,3080.0,472624.0,69.0,69.0,65.0,65.0,65.0,57.0
70,2024.01.22,3160.0,110.0,3315.0,3330.0,3150.0,943081.0,70.0,70.0,66.0,66.0,66.0,58.0
71,2024.01.19,3270.0,40.0,3340.0,3385.0,3260.0,704952.0,71.0,71.0,67.0,67.0,67.0,59.0
72,2024.01.18,3310.0,25.0,3330.0,3435.0,3250.0,660567.0,72.0,72.0,68.0,68.0,68.0,60.0
73,2024.01.17,3335.0,85.0,3420.0,3570.0,3305.0,1374784.0,73.0,73.0,69.0,69.0,69.0,61.0
74,2024.01.16,3420.0,35.0,3370.0,3505.0,3370.0,612849.0,74.0,74.0,70.0,70.0,70.0,62.0
75,2024.01.15,3385.0,20.0,3420.0,3500.0,3335.0,779354.0,75.0,75.0,71.0,71.0,71.0,63.0
76,2024.01.12,3405.0,105.0,3520.0,3520.0,3385.0,696818.0,76.0,76.0,72.0,72.0,72.0,64.0
77,2024.01.11,3510.0,10.0,3540.0,3605.0,3480.0,808634.0,77.0,77.0,73.0,73.0,73.0,65.0
78,2024.01.10,3520.0,95.0,3620.0,3670.0,3515.0,947128.0,78.0,78.0,74.0,74.0,74.0,66.0
79,2024.01.09,3615.0,10.0,3620.0,3740.0,3600.0,1645091.0,79.0,79.0,75.0,75.0,75.0,67.0
80,2024.01.08,3605.0,40.0,3565.0,3645.0,3525.0,985186.0,80.0,80.0,76.0,76.0,76.0,68.0
81,2024.01.05,3565.0,10.0,3695.0,3695.0,3540.0,801933.0,81.0,81.0,77.0,77.0,77.0,69.0
82,2024.01.04,3575.0,40.0,3615.0,3630.0,3525.0,808974.0,82.0,82.0,78.0,78.0,78.0,70.0
83,2024.01.03,3615.0,90.0,3650.0,3680.0,3530.0,777903.0,83.0,83.0,79.0,79.0,79.0,71.0
84,2024.01.02,3705.0,40.0,3745.0,3850.0,3670.0,1781701.0,84.0,84.0,80.0,80.0,80.0,72.0
85,2023.12.28,3745.0,25.0,3775.0,3850.0,3715.0,2409229.0,85.0,85.0,81.0,81.0,81.0,73.0
86,2023.12.27,3720.0,260.0,3515.0,3865.0,3500.0,6655458.0,86.0,86.0,82.0,82.0,82.0,74.0
87,2023.12.26,3460.0,90.0,3565.0,3595.0,3420.0,1019740.0,87.0,87.0,83.0,83.0,83.0,75.0
88,2023.12.22,3550.0,85.0,3650.0,3670.0,3535.0,1483082.0,88.0,88.0,84.0,84.0,84.0,76.0
89,2023.12.21,3635.0,165.0,3455.0,3935.0,3435.0,8638049.0,89.0,89.0,85.0,85.0,85.0,77.0
90,2023.12.20,3470.0,0.0,3450.0,3515.0,3415.0,1310118.0,90.0,90.0,86.0,86.0,86.0,78.0
91,2023.12.19,3470.0,10.0,3460.0,3505.0,3375.0,1228699.0,91.0,91.0,87.0,87.0,87.0,79.0
92,2023.12.18,3460.0,35.0,3485.0,3560.0,3375.0,2589740.0,92.0,92.0,88.0,88.0,88.0,80.0
93,2023.12.15,3425.0,185.0,3240.0,3820.0,3230.0,14544839.0,93.0,93.0,89.0,89.0,89.0,81.0
94,2023.12.14,3240.0,35.0,3275.0,3450.0,3200.0,2207143.0,94.0,94.0,90.0,90.0,90.0,82.0
95,2023.12.13,3205.0,35.0,3240.0,3305.0,3200.0,716130.0,95.0,95.0,91.0,91.0,91.0,83.0
96,2023.12.12,3240.0,40.0,3275.0,3330.0,3215.0,740931.0,96.0,96.0,92.0,92.0,92.0,84.0
97,2023.12.11,3280.0,40.0,3325.0,3350.0,3275.0,493923.0,97.0,97.0,93.0,93.0,93.0,85.0
98,2023.12.08,3320.0,90.0,3240.0,3340.0,3240.0,671160.0,98.0,98.0,94.0,94.0,94.0,86.0
99,2023.12.07,3230.0,10.0,3240.0,3330.0,3215.0,503639.0,99.0,99.0,95.0,95.0,95.0,87.0
100,2023.12.06,3240.0,10.0,3235.0,3260.0,3190.0,446595.0,100.0,100.0,96.0,96.0,96.0,88.0
101,2023.12.05,3230.0,90.0,3295.0,3315.0,3230.0,732945.0,101.0,101.0,97.0,97.0,97.0,89.0
102,2023.12.04,3320.0,60.0,3375.0,3405.0,3315.0,918945.0,102.0,102.0,98.0,98.0,98.0,90.0
103,2023.12.01,3380.0,140.0,3500.0,3500.0,3370.0,1529151.0,103.0,103.0,99.0,99.0,99.0,91.0
104,2023.11.30,3520.0,185.0,3375.0,3845.0,3325.0,10494694.0,104.0,104.0,100.0,100.0,100.0,92.0
105,2023.11.29,3335.0,10.0,3325.0,3355.0,3245.0,683587.0,105.0,105.0,101.0,101.0,101.0,93.0
106,2023.11.28,3325.0,35.0,3370.0,3390.0,3310.0,639666.0,106.0,106.0,102.0,102.0,102.0,94.0
107,2023.11.27,3360.0,5.0,3505.0,3575.0,3330.0,1202697.0,107.0,107.0,103.0,103.0,103.0,95.0
108,2023.11.24,3365.0,20.0,3385.0,3440.0,3360.0,543932.0,108.0,108.0,104.0,104.0,104.0,96.0
109,2023.11.23,3385.0,65.0,3425.0,3470.0,3375.0,705794.0,109.0,109.0,105.0,105.0,105.0,97.0
110,2023.11.22,3450.0,80.0,3515.0,3540.0,3430.0,540896.0,110.0,110.0,106.0,106.0,106.0,98.0
111,2023.11.21,3530.0,10.0,3540.0,3570.0,3470.0,600932.0,111.0,111.0,107.0,107.0,107.0,99.0
112,2023.11.20,3540.0,75.0,3495.0,3565.0,3475.0,512194.0,112.0,112.0,108.0,108.0,108.0,100.0
113,2023.11.17,3465.0,75.0,3485.0,3500.0,3400.0,645683.0,113.0,113.0,109.0,109.0,109.0,101.0
114,2023.11.16,3540.0,45.0,3605.0,3655.0,3500.0,757961.0,114.0,114.0,110.0,110.0,110.0,102.0
115,2023.11.15,3585.0,40.0,3680.0,3740.0,3575.0,1503845.0,115.0,115.0,111.0,111.0,111.0,103.0
116,2023.11.14,3545.0,190.0,3365.0,3640.0,3365.0,1437337.0,116.0,116.0,112.0,112.0,112.0,104.0
117,2023.11.13,3355.0,30.0,3410.0,3670.0,3350.0,1370750.0,117.0,117.0,113.0,113.0,113.0,105.0
118,2023.11.10,3385.0,120.0,3445.0,3470.0,3385.0,621915.0,118.0,118.0,114.0,114.0,114.0,106.0
119,2023.11.09,3505.0,120.0,3670.0,3750.0,3485.0,1465308.0,119.0,119.0,115.0,115.0,115.0,107.0
120,2023.11.08,3625.0,135.0,3770.0,3790.0,3590.0,1240028.0,120.0,120.0,116.0,116.0,116.0,108.0
121,2023.11.07,3760.0,35.0,3850.0,3940.0,3670.0,3564951.0,121.0,121.0,117.0,117.0,117.0,109.0
122,2023.11.06,3795.0,515.0,3410.0,4030.0,3365.0,13089110.0,122.0,122.0,118.0,118.0,118.0,110.0
123,2023.11.03,3280.0,70.0,3240.0,3340.0,3185.0,912938.0,123.0,123.0,119.0,119.0,119.0,111.0
124,2023.11.02,3210.0,155.0,3090.0,3240.0,3090.0,781116.0,124.0,124.0,120.0,120.0,120.0,112.0
125,2023.11.01,3055.0,100.0,3170.0,3245.0,3035.0,765580.0,125.0,125.0,121.0,121.0,121.0,113.0
126,2023.10.31,3155.0,290.0,3450.0,3465.0,3155.0,1073257.0,126.0,126.0,122.0,122.0,122.0,114.0
127,2023.10.30,3445.0,75.0,3380.0,3465.0,3300.0,631669.0,127.0,127.0,123.0,123.0,123.0,115.0
128,2023.10.27,3370.0,30.0,3345.0,3470.0,3345.0,865451.0,128.0,128.0,124.0,124.0,124.0,116.0
129,2023.10.26,3340.0,280.0,3480.0,3515.0,3305.0,1314448.0,129.0,129.0,125.0,125.0,125.0,117.0
130,2023.10.25,3620.0,170.0,3805.0,3820.0,3620.0,1780988.0,130.0,130.0,126.0,126.0,126.0,118.0
131,2023.10.24,3790.0,170.0,3620.0,3895.0,3450.0,4869325.0,131.0,131.0,127.0,127.0,127.0,119.0
132,2023.10.23,3620.0,90.0,3640.0,3795.0,3605.0,1806948.0,132.0,132.0,128.0,128.0,128.0,120.0
133,2023.10.20,3710.0,390.0,3920.0,4015.0,3630.0,3352429.0,133.0,133.0,129.0,129.0,129.0,121.0
134,2023.10.19,4100.0,255.0,4180.0,4180.0,3970.0,3745260.0,134.0,134.0,130.0,130.0,130.0,122.0
135,2023.10.18,4355.0,420.0,4610.0,4650.0,4265.0,11146094.0,135.0,135.0,131.0,131.0,131.0,123.0
136,2023.10.17,4775.0,1100.0,3700.0,4775.0,3700.0,40925243.0,136.0,136.0,132.0,132.0,132.0,124.0
137,2023.10.16,3675.0,260.0,3900.0,3900.0,3635.0,1452129.0,137.0,137.0,133.0,133.0,133.0,125.0
138,2023.10.13,3935.0,100.0,3835.0,4410.0,3795.0,7171022.0,138.0,138.0,134.0,134.0,134.0,126.0
139,2023.10.12,3835.0,305.0,3560.0,3985.0,3560.0,4581554.0,139.0,139.0,135.0,135.0,135.0,127.0
140,2023.10.11,3530.0,95.0,3485.0,3575.0,3485.0,499205.0,140.0,140.0,136.0,136.0,136.0,128.0
141,2023.10.10,3435.0,100.0,3535.0,3605.0,3415.0,752955.0,141.0,141.0,137.0,137.0,137.0,129.0
142,2023.10.06,3535.0,25.0,3500.0,3630.0,3500.0,504995.0,142.0,142.0,138.0,138.0,138.0,130.0
143,2023.10.05,3510.0,45.0,3555.0,3655.0,3500.0,801546.0,143.0,143.0,139.0,139.0,139.0,131.0
144,2023.10.04,3555.0,195.0,3675.0,3690.0,3550.0,1113663.0,144.0,144.0,140.0,140.0,140.0,132.0
145,2023.09.27,3750.0,105.0,3620.0,3845.0,3545.0,2687968.0,145.0,145.0,141.0,141.0,141.0,133.0
146,2023.09.26,3855.0,45.0,3755.0,4800.0,3730.0,16757847.0,146.0,146.0,142.0,142.0,142.0,134.0
147,2023.09.25,3810.0,90.0,3880.0,3995.0,3805.0,512537.0,147.0,147.0,143.0,143.0,143.0,135.0
148,2023.09.22,3900.0,25.0,3810.0,3930.0,3810.0,467072.0,148.0,148.0,144.0,144.0,144.0,136.0
149,2023.09.21,3925.0,150.0,4035.0,4035.0,3900.0,639777.0,149.0,149.0,145.0,145.0,145.0,137.0
150,2023.09.20,4075.0,35.0,4015.0,4075.0,3980.0,595030.0,150.0,150.0,146.0,146.0,146.0,138.0
151,2023.09.19,4040.0,130.0,4170.0,4195.0,4015.0,698843.0,151.0,151.0,147.0,147.0,147.0,139.0
152,2023.09.18,4170.0,5.0,4175.0,4275.0,4120.0,632799.0,152.0,152.0,148.0,148.0,148.0,140.0
153,2023.09.15,4175.0,30.0,4145.0,4250.0,4120.0,507065.0,153.0,153.0,149.0,149.0,149.0,141.0
154,2023.09.14,4145.0,45.0,4090.0,4180.0,4075.0,544598.0,154.0,154.0,150.0,150.0,150.0,142.0
155,2023.09.13,4100.0,105.0,4195.0,4220.0,4085.0,658941.0,155.0,155.0,151.0,151.0,151.0,143.0
156,2023.09.12,4205.0,35.0,4285.0,4395.0,4185.0,939622.0,156.0,156.0,152.0,152.0,152.0,144.0
157,2023.09.11,4240.0,100.0,4355.0,4365.0,4210.0,706380.0,157.0,157.0,153.0,153.0,153.0,145.0
158,2023.09.08,4340.0,5.0,4350.0,4540.0,4300.0,1217738.0,158.0,158.0,154.0,154.0,154.0,146.0
159,2023.09.07,4335.0,175.0,4450.0,4490.0,4320.0,870840.0,159.0,159.0,155.0,155.0,155.0,147.0
160,2023.09.06,4510.0,40.0,4560.0,4665.0,4500.0,1034487.0,160.0,160.0,156.0,156.0,156.0,148.0
161,2023.09.05,4550.0,165.0,4685.0,4685.0,4500.0,1264985.0,161.0,161.0,157.0,157.0,157.0,149.0
162,2023.09.04,4715.0,140.0,4700.0,5250.0,4685.0,7113300.0,162.0,162.0,158.0,158.0,158.0,150.0
163,2023.09.01,4575.0,340.0,4915.0,4915.0,4560.0,1788784.0,163.0,163.0,159.0,159.0,159.0,151.0
164,2023.08.31,4915.0,125.0,4795.0,5050.0,4690.0,2523245.0,164.0,164.0,160.0,160.0,160.0,152.0
165,2023.08.30,4790.0,60.0,4850.0,5090.0,4745.0,2830304.0,165.0,165.0,161.0,161.0,161.0,153.0
166,2023.08.29,4730.0,110.0,4600.0,4750.0,4495.0,1598021.0,166.0,166.0,162.0,162.0,162.0,154.0
167,2023.08.28,4620.0,310.0,4330.0,4760.0,4310.0,3163799.0,167.0,167.0,163.0,163.0,163.0,155.0
168,2023.08.25,4310.0,60.0,4325.0,4495.0,4255.0,1019037.0,168.0,168.0,164.0,164.0,164.0,156.0
169,2023.08.24,4370.0,125.0,4265.0,4445.0,4265.0,1064739.0,169.0,169.0,165.0,165.0,165.0,157.0
170,2023.08.23,4245.0,255.0,4500.0,4500.0,4225.0,1317674.0,170.0,170.0,166.0,166.0,166.0,158.0
171,2023.08.22,4500.0,15.0,4485.0,4640.0,4370.0,1423910.0,171.0,171.0,167.0,167.0,167.0,159.0
172,2023.08.21,4485.0,195.0,4170.0,4585.0,4170.0,1787704.0,172.0,172.0,168.0,168.0,168.0,160.0
173,2023.08.18,4290.0,280.0,4500.0,4500.0,4240.0,1854961.0,173.0,173.0,169.0,169.0,169.0,161.0
174,2023.08.17,4570.0,150.0,4355.0,4990.0,4275.0,6173201.0,174.0,174.0,170.0,170.0,170.0,162.0
175,2023.08.16,4420.0,245.0,4595.0,4615.0,4420.0,1660465.0,175.0,175.0,171.0,171.0,171.0,163.0
176,2023.08.14,4665.0,110.0,4775.0,4780.0,4580.0,1290920.0,176.0,176.0,172.0,172.0,172.0,164.0
177,2023.08.11,4775.0,55.0,4850.0,4870.0,4695.0,1295734.0,177.0,177.0,173.0,173.0,173.0,165.0
178,2023.08.10,4830.0,70.0,4900.0,4900.0,4720.0,1330883.0,178.0,178.0,174.0,174.0,174.0,166.0
179,2023.08.09,4900.0,20.0,4815.0,5040.0,4755.0,1714019.0,179.0,179.0,175.0,175.0,175.0,167.0
180,2023.08.08,4880.0,140.0,5070.0,5070.0,4780.0,2352524.0,180.0,180.0,176.0,176.0,176.0,168.0
181,2023.08.07,5020.0,360.0,5300.0,5300.0,5000.0,2461843.0,181.0,181.0,177.0,177.0,177.0,169.0
182,2023.08.04,5380.0,260.0,5250.0,5950.0,5140.0,9139938.0,182.0,182.0,178.0,178.0,178.0,170.0
183,2023.08.03,5120.0,150.0,5200.0,5220.0,5000.0,2219717.0,183.0,183.0,179.0,179.0,179.0,171.0
184,2023.08.02,5270.0,150.0,5350.0,5510.0,5130.0,2272190.0,184.0,184.0,180.0,180.0,180.0,172.0
185,2023.08.01,5420.0,140.0,5560.0,5720.0,5350.0,3145868.0,185.0,185.0,181.0,181.0,181.0,173.0
186,2023.07.31,5560.0,0.0,5550.0,5680.0,5360.0,3015587.0,186.0,186.0,182.0,182.0,182.0,174.0
187,2023.07.28,5560.0,160.0,5380.0,5620.0,5200.0,2258523.0,187.0,187.0,183.0,183.0,183.0,175.0
188,2023.07.27,5400.0,200.0,5620.0,5690.0,5360.0,3049477.0,188.0,188.0,184.0,184.0,184.0,176.0
189,2023.07.26,5600.0,290.0,6010.0,6060.0,5250.0,6136788.0,189.0,189.0,185.0,185.0,185.0,177.0
190,2023.07.25,5890.0,130.0,5930.0,6150.0,5850.0,3021506.0,190.0,190.0,186.0,186.0,186.0,178.0
191,2023.07.24,6020.0,190.0,6210.0,6230.0,5910.0,3644988.0,191.0,191.0,187.0,187.0,187.0,179.0
192,2023.07.21,6210.0,140.0,6210.0,6380.0,6200.0,1833796.0,192.0,192.0,188.0,188.0,188.0,180.0
193,2023.07.20,6350.0,30.0,6310.0,6530.0,6140.0,3000446.0,193.0,193.0,189.0,189.0,189.0,181.0
194,2023.07.19,6380.0,230.0,6610.0,6610.0,6360.0,2496415.0,194.0,194.0,190.0,190.0,190.0,182.0
195,2023.07.18,6610.0,60.0,6640.0,6770.0,6490.0,2627892.0,195.0,195.0,191.0,191.0,191.0,183.0
196,2023.07.17,6670.0,70.0,6600.0,6970.0,6490.0,6324125.0,196.0,196.0,192.0,192.0,192.0,184.0
197,2023.07.14,6600.0,0.0,6630.0,6650.0,6400.0,2551125.0,197.0,197.0,193.0,193.0,193.0,185.0
198,2023.07.13,6600.0,0.0,6610.0,6750.0,6470.0,3802513.0,198.0,198.0,194.0,194.0,194.0,186.0
199,2023.07.12,6600.0,270.0,6860.0,6860.0,6570.0,3439477.0,199.0,199.0,195.0,195.0,195.0,187.0
200,2023.07.11,6870.0,290.0,6580.0,7170.0,6460.0,9301634.0,200.0,200.0,196.0,196.0,196.0,188.0
201,2023.07.10,6580.0,170.0,6750.0,6800.0,6320.0,4119645.0,201.0,201.0,197.0,197.0,197.0,189.0
202,2023.07.07,6750.0,80.0,6500.0,6930.0,6480.0,3804042.0,202.0,202.0,198.0,198.0,198.0,190.0
203,2023.07.06,6670.0,210.0,7010.0,7210.0,6600.0,7300723.0,203.0,203.0,199.0,199.0,199.0,191.0
204,2023.07.05,6880.0,590.0,6330.0,7380.0,6210.0,22234817.0,204.0,204.0,200.0,200.0,200.0,192.0
205,2023.07.04,6290.0,20.0,6400.0,6580.0,6180.0,5777675.0,205.0,205.0,201.0,201.0,201.0,193.0
206,2023.07.03,6270.0,240.0,6020.0,6500.0,5880.0,6369836.0,206.0,206.0,202.0,202.0,202.0,194.0
207,2023.06.30,6030.0,160.0,6190.0,6200.0,5810.0,7188186.0,207.0,207.0,203.0,203.0,203.0,195.0
208,2023.06.29,6190.0,690.0,6630.0,6880.0,6060.0,10166756.0,208.0,208.0,204.0,204.0,204.0,196.0
209,2023.06.28,6880.0,520.0,7310.0,7480.0,6730.0,7286646.0,209.0,209.0,205.0,205.0,205.0,197.0
210,2023.06.27,7400.0,420.0,7800.0,7810.0,7330.0,4620889.0,210.0,210.0,206.0,206.0,206.0,198.0
211,2023.06.26,7820.0,540.0,8620.0,8730.0,7010.0,19170214.0,211.0,211.0,207.0,207.0,207.0,199.0
212,2023.06.23,8360.0,250.0,8610.0,8620.0,8310.0,4532173.0,212.0,212.0,208.0,208.0,208.0,200.0
213,2023.06.22,8610.0,190.0,8870.0,9070.0,8530.0,13299396.0,213.0,213.0,209.0,209.0,209.0,201.0
214,2023.06.21,8420.0,60.0,8460.0,9000.0,8410.0,11087717.0,214.0,214.0,210.0,210.0,210.0,202.0
215,2023.06.20,8360.0,570.0,8700.0,8790.0,8250.0,5904833.0,215.0,215.0,211.0,211.0,211.0,203.0
216,2023.06.19,8930.0,20.0,8910.0,9160.0,8490.0,10717733.0,216.0,216.0,212.0,212.0,212.0,204.0
217,2023.06.16,8910.0,90.0,8730.0,9400.0,8610.0,18148023.0,217.0,217.0,213.0,213.0,213.0,205.0
218,2023.06.15,8820.0,100.0,9410.0,9470.0,8300.0,21856363.0,218.0,218.0,214.0,214.0,214.0,206.0
219,2023.06.14,8920.0,1180.0,7930.0,9600.0,7560.0,64450477.0,219.0,219.0,215.0,215.0,215.0,207.0
220,2023.06.13,7740.0,360.0,7400.0,8110.0,7290.0,20335130.0,220.0,220.0,216.0,216.0,216.0,208.0
221,2023.06.12,7380.0,170.0,7550.0,7630.0,7310.0,3477205.0,221.0,221.0,217.0,217.0,217.0,209.0
222,2023.06.09,7550.0,0.0,7670.0,7780.0,7420.0,6132864.0,222.0,222.0,218.0,218.0,218.0,210.0
223,2023.06.08,7550.0,50.0,7400.0,7600.0,7260.0,4183561.0,223.0,223.0,219.0,219.0,219.0,211.0
224,2023.06.07,7600.0,210.0,7860.0,7860.0,7560.0,4057212.0,224.0,224.0,220.0,220.0,220.0,212.0
225,2023.06.05,7810.0,130.0,7700.0,8000.0,7520.0,7893018.0,225.0,225.0,221.0,221.0,221.0,213.0
226,2023.06.02,7680.0,380.0,8060.0,8190.0,7640.0,10714728.0,226.0,226.0,222.0,222.0,222.0,214.0
227,2023.06.01,8060.0,860.0,7230.0,8060.0,7010.0,18580439.0,227.0,227.0,223.0,223.0,223.0,215.0
228,2023.05.31,7200.0,20.0,7130.0,7290.0,7000.0,3455918.0,228.0,228.0,224.0,224.0,224.0,216.0
229,2023.05.30,7180.0,60.0,7150.0,7310.0,6890.0,4980265.0,229.0,229.0,225.0,225.0,225.0,217.0
230,2023.05.26,7120.0,350.0,7350.0,7550.0,7060.0,4136389.0,230.0,230.0,226.0,226.0,226.0,218.0
231,2023.05.25,7470.0,250.0,7610.0,7740.0,7350.0,4136040.0,231.0,231.0,227.0,227.0,227.0,219.0
232,2023.05.24,7720.0,20.0,7670.0,7960.0,7400.0,9074626.0,232.0,232.0,228.0,228.0,228.0,220.0
233,2023.05.23,7700.0,310.0,8380.0,8480.0,7570.0,18398482.0,233.0,233.0,229.0,229.0,229.0,221.0
234,2023.05.22,7390.0,20.0,7020.0,7980.0,6880.0,17273271.0,234.0,234.0,230.0,230.0,230.0,222.0
235,2023.05.19,7410.0,340.0,8000.0,8140.0,7360.0,11890383.0,235.0,235.0,231.0,231.0,231.0,223.0
236,2023.05.18,7750.0,720.0,8370.0,8380.0,7650.0,13734708.0,236.0,236.0,232.0,232.0,232.0,224.0
237,2023.05.17,8470.0,160.0,8300.0,8930.0,8050.0,32760467.0,237.0,237.0,233.0,233.0,233.0,225.0
238,2023.05.16,8310.0,1010.0,7010.0,8650.0,6820.0,51621334.0,238.0,238.0,234.0,234.0,234.0,226.0
239,2023.05.15,7300.0,1170.0,6880.0,7560.0,6450.0,39444570.0,239.0,239.0,235.0,235.0,235.0,227.0
240,2023.05.12,6130.0,910.0,5570.0,6780.0,5350.0,51581310.0,240.0,240.0,236.0,236.0,236.0,228.0
241,2023.05.11,5220.0,540.0,5900.0,5940.0,5030.0,11506644.0,241.0,241.0,237.0,237.0,237.0,229.0
242,2023.05.10,5760.0,250.0,5880.0,6550.0,5620.0,13039817.0,242.0,242.0,238.0,238.0,238.0,230.0
243,2023.05.09,6010.0,940.0,6670.0,6750.0,6010.0,11107812.0,243.0,243.0,239.0,239.0,239.0,231.0
244,2023.05.08,6950.0,140.0,6850.0,7180.0,6400.0,12291898.0,244.0,244.0,240.0,240.0,240.0,232.0
245,2023.05.04,6810.0,600.0,7110.0,7550.0,6700.0,12946023.0,245.0,245.0,241.0,241.0,241.0,233.0
246,2023.05.03,7410.0,620.0,8120.0,8250.0,7310.0,12233631.0,246.0,246.0,242.0,242.0,242.0,234.0
247,2023.05.02,8030.0,210.0,7650.0,8660.0,7160.0,24332116.0,247.0,247.0,243.0,243.0,243.0,235.0
248,2023.04.28,8240.0,40.0,8620.0,9150.0,7590.0,48499587.0,248.0,248.0,244.0,244.0,244.0,236.0
249,2023.04.27,8280.0,1910.0,7240.0,8280.0,6840.0,41019480.0,249.0,249.0,245.0,245.0,245.0,237.0
250,2023.04.26,6370.0,1290.0,7200.0,7550.0,5990.0,21010309.0,250.0,250.0,246.0,246.0,246.0,238.0
251,2023.04.25,7660.0,610.0,8220.0,8310.0,7230.0,14915603.0,251.0,251.0,247.0,247.0,247.0,239.0
252,2023.04.24,8270.0,80.0,8260.0,9250.0,7390.0,34857400.0,252.0,252.0,248.0,248.0,248.0,240.0
253,2023.04.21,8350.0,3200.0,11300.0,11300.0,8090.0,50311936.0,253.0,253.0,249.0,249.0,249.0,241.0
254,2023.04.20,11550.0,110.0,10810.0,13170.0,10340.0,53985040.0,254.0,254.0,250.0,250.0,250.0,242.0
255,2023.04.19,11660.0,2100.0,14620.0,17780.0,11400.0,72854487.0,255.0,255.0,251.0,251.0,251.0,243.0
256,2023.04.18,13760.0,3170.0,11830.0,13760.0,11500.0,22713612.0,256.0,256.0,252.0,252.0,252.0,244.0
257,2023.04.17,10590.0,2440.0,8900.0,10590.0,8780.0,34730452.0,257.0,257.0,253.0,253.0,253.0,245.0
258,2023.04.14,8150.0,0.0,0.0,0.0,0.0,0.0,258.0,258.0,254.0,254.0,254.0,246.0
259,2023.04.13,8150.0,810.0,6700.0,8890.0,5300.0,78636293.0,259.0,259.0,255.0,255.0,255.0,247.0
260,2023.04.12,7340.0,0.0,0.0,0.0,0.0,0.0,260.0,260.0,256.0,256.0,256.0,248.0
261,2023.04.11,7340.0,1690.0,6590.0,7340.0,6310.0,43879240.0,261.0,261.0,257.0,257.0,257.0,249.0
262,2023.04.10,5650.0,1300.0,4885.0,5650.0,4580.0,20202901.0,262.0,262.0,258.0,258.0,258.0,250.0
263,2023.04.07,4350.0,185.0,4600.0,4765.0,4140.0,21808412.0,263.0,263.0,259.0,259.0,259.0,251.0
264,2023.04.06,4165.0,85.0,4220.0,4870.0,3795.0,34228058.0,264.0,264.0,260.0,260.0,260.0,252.0
265,2023.04.05,4080.0,495.0,3900.0,4640.0,3690.0,83114821.0,265.0,265.0,261.0,261.0,261.0,253.0
266,2023.04.04,3585.0,825.0,3180.0,3585.0,3070.0,29804435.0,266.0,266.0,262.0,262.0,262.0,254.0
267,2023.04.03,2760.0,635.0,2270.0,2760.0,2240.0,31535195.0,267.0,267.0,263.0,263.0,263.0,255.0
268,2023.03.31,2125.0,95.0,2065.0,2295.0,2005.0,30784935.0,268.0,268.0,264.0,264.0,264.0,256.0
269,2023.03.30,2030.0,30.0,2060.0,2105.0,1956.0,9634011.0,269.0,269.0,265.0,265.0,265.0,257.0
270,2023.03.29,2060.0,176.0,1907.0,2185.0,1840.0,27197152.0,270.0,270.0,266.0,266.0,266.0,258.0
271,2023.03.28,1884.0,58.0,1815.0,1920.0,1753.0,9763176.0,271.0,271.0,267.0,267.0,267.0,259.0
272,2023.03.27,1826.0,117.0,1714.0,1930.0,1710.0,14593272.0,272.0,272.0,268.0,268.0,268.0,260.0
273,2023.03.24,1709.0,161.0,1598.0,1757.0,1581.0,11534637.0,273.0,273.0,269.0,269.0,269.0,261.0
274,2023.03.23,1870.0,22.0,1828.0,2010.0,1781.0,14273481.0,274.0,274.0,270.0,270.0,270.0,262.0
275,2023.03.22,1848.0,48.0,1897.0,1946.0,1818.0,5817885.0,275.0,275.0,271.0,271.0,271.0,263.0
276,2023.03.21,1896.0,164.0,1755.0,2050.0,1714.0,18552158.0,276.0,276.0,272.0,272.0,272.0,264.0
277,2023.03.20,1732.0,70.0,1717.0,1747.0,1671.0,1492625.0,277.0,277.0,273.0,273.0,273.0,265.0
278,2023.03.17,1662.0,53.0,1626.0,1687.0,1623.0,1166626.0,278.0,278.0,274.0,274.0,274.0,266.0
279,2023.03.16,1609.0,49.0,1641.0,1642.0,1550.0,1514568.0,279.0,279.0,275.0,275.0,275.0,267.0
280,2023.03.15,1658.0,57.0,1601.0,1727.0,1600.0,2640223.0,280.0,280.0,276.0,276.0,276.0,268.0
281,2023.03.14,1601.0,130.0,1717.0,1717.0,1601.0,1563994.0,281.0,281.0,277.0,277.0,277.0,269.0
282,2023.03.13,1731.0,21.0,1752.0,1760.0,1661.0,1795414.0,282.0,282.0,278.0,278.0,278.0,270.0
283,2023.03.10,1752.0,68.0,1823.0,1861.0,1750.0,2867305.0,283.0,283.0,279.0,279.0,279.0,271.0
284,2023.03.09,1820.0,155.0,2010.0,2010.0,1780.0,4290154.0,284.0,284.0,280.0,280.0,280.0,272.0
285,2023.03.08,1975.0,110.0,2055.0,2085.0,1963.0,5283539.0,285.0,285.0,281.0,281.0,281.0,273.0
286,2023.03.07,2085.0,135.0,1933.0,2350.0,1850.0,40796712.0,286.0,286.0,282.0,282.0,282.0,274.0
287,2023.03.06,1950.0,277.0,1680.0,2165.0,1680.0,36512349.0,287.0,287.0,283.0,283.0,283.0,275.0
288,2023.03.03,1673.0,47.0,1720.0,1723.0,1606.0,2093790.0,288.0,288.0,284.0,284.0,284.0,276.0
289,2023.03.02,1720.0,210.0,1550.0,1870.0,1526.0,13112701.0,289.0,289.0,285.0,285.0,285.0,277.0
290,2023.02.28,1510.0,3.0,1508.0,1556.0,1506.0,491609.0,290.0,290.0,286.0,286.0,286.0,278.0
291,2023.02.27,1507.0,48.0,1555.0,1555.0,1506.0,548653.0,291.0,291.0,287.0,287.0,287.0,279.0
292,2023.02.24,1555.0,15.0,1543.0,1595.0,1541.0,557568.0,292.0,292.0,288.0,288.0,288.0,280.0
293,2023.02.23,1540.0,58.0,1598.0,1599.0,1521.0,692612.0,293.0,293.0,289.0,289.0,289.0,281.0
294,2023.02.22,1598.0,59.0,1660.0,1662.0,1590.0,749723.0,294.0,294.0,290.0,290.0,290.0,282.0
295,2023.02.21,1657.0,13.0,1645.0,1665.0,1644.0,481540.0,295.0,295.0,291.0,291.0,291.0,283.0
296,2023.02.20,1644.0,6.0,1640.0,1699.0,1639.0,609455.0,296.0,296.0,292.0,292.0,292.0,284.0
297,2023.02.17,1638.0,36.0,1666.0,1674.0,1636.0,509603.0,297.0,297.0,293.0,293.0,293.0,285.0
298,2023.02.16,1674.0,32.0,1645.0,1696.0,1645.0,563675.0,298.0,298.0,294.0,294.0,294.0,286.0
299,2023.02.15,1642.0,59.0,1700.0,1705.0,1641.0,738714.0,299.0,299.0,295.0,295.0,295.0,287.0
300,2023.02.14,1701.0,28.0,1746.0,1748.0,1699.0,934271.0,300.0,300.0,296.0,296.0,296.0,288.0
301,2023.02.13,1729.0,77.0,1806.0,1808.0,1729.0,1358715.0,301.0,301.0,297.0,297.0,297.0,289.0
302,2023.02.10,1806.0,102.0,1723.0,2000.0,1696.0,10920115.0,302.0,302.0,298.0,298.0,298.0,290.0
303,2023.02.09,1704.0,46.0,1765.0,1765.0,1691.0,936403.0,303.0,303.0,299.0,299.0,299.0,291.0
304,2023.02.08,1750.0,116.0,1635.0,1780.0,1625.0,2310545.0,304.0,304.0,300.0,300.0,300.0,292.0
305,2023.02.07,1634.0,52.0,1781.0,1789.0,1623.0,2966275.0,305.0,305.0,301.0,301.0,301.0,293.0
306,2023.02.06,1910.0,110.0,1813.0,2090.0,1806.0,9659500.0,306.0,306.0,302.0,302.0,302.0,294.0
307,2023.02.03,1800.0,79.0,1746.0,1849.0,1721.0,2400794.0,307.0,307.0,303.0,303.0,303.0,295.0
308,2023.02.02,1721.0,26.0,1695.0,1740.0,1691.0,693410.0,308.0,308.0,304.0,304.0,304.0,296.0
309,2023.02.01,1695.0,1.0,1695.0,1716.0,1686.0,426591.0,309.0,309.0,305.0,305.0,305.0,297.0
310,2023.01.31,1696.0,22.0,1725.0,1726.0,1686.0,622358.0,310.0,310.0,306.0,306.0,306.0,298.0
311,2023.01.30,1718.0,17.0,1749.0,1749.0,1701.0,620301.0,311.0,311.0,307.0,307.0,307.0,299.0
312,2023.01.27,1735.0,52.0,1800.0,1816.0,1732.0,910773.0,312.0,312.0,308.0,308.0,308.0,300.0
313,2023.01.26,1787.0,16.0,1750.0,1821.0,1750.0,711141.0,313.0,313.0,309.0,309.0,309.0,301.0
314,2023.01.25,1771.0,41.0,1755.0,1790.0,1737.0,710913.0,314.0,314.0,310.0,310.0,310.0,302.0
315,2023.01.20,1730.0,65.0,1665.0,1755.0,1655.0,1050528.0,315.0,315.0,311.0,311.0,311.0,303.0
316,2023.01.19,1665.0,75.0,1735.0,1735.0,1655.0,1239501.0,316.0,316.0,312.0,312.0,312.0,304.0
317,2023.01.18,1740.0,40.0,1770.0,1790.0,1715.0,975287.0,317.0,317.0,313.0,313.0,313.0,305.0
318,2023.01.17,1780.0,80.0,1875.0,1895.0,1760.0,1645379.0,318.0,318.0,314.0,314.0,314.0,306.0
319,2023.01.16,1860.0,60.0,1935.0,1980.0,1855.0,1655883.0,319.0,319.0,315.0,315.0,315.0,307.0
320,2023.01.13,1920.0,65.0,1985.0,2025.0,1910.0,2641665.0,320.0,320.0,316.0,316.0,316.0,308.0
321,2023.01.12,1985.0,305.0,1690.0,2130.0,1690.0,17181986.0,321.0,321.0,317.0,317.0,317.0,309.0
322,2023.01.11,1680.0,45.0,1655.0,1680.0,1635.0,678170.0,322.0,322.0,318.0,318.0,318.0,310.0
323,2023.01.10,1635.0,30.0,1655.0,1695.0,1635.0,867288.0,323.0,323.0,319.0,319.0,319.0,311.0
324,2023.01.09,1665.0,15.0,1670.0,1690.0,1650.0,910428.0,324.0,324.0,320.0,320.0,320.0,312.0
325,2023.01.06,1650.0,100.0,1740.0,1745.0,1615.0,1747667.0,325.0,325.0,321.0,321.0,321.0,313.0
326,2023.01.05,1750.0,20.0,1805.0,1810.0,1745.0,807197.0,326.0,326.0,322.0,322.0,322.0,314.0
327,2023.01.04,1770.0,180.0,1910.0,1925.0,1720.0,2512371.0,327.0,327.0,323.0,323.0,323.0,315.0
328,2023.01.03,1950.0,85.0,1865.0,2300.0,1840.0,13593373.0,328.0,328.0,324.0,324.0,324.0,316.0
329,2023.01.02,953.0,0.0,0.0,0.0,0.0,0.0,329.0,329.0,325.0,325.0,325.0,317.0
330,2022.12.29,953.0,0.0,0.0,0.0,0.0,0.0,330.0,330.0,326.0,326.0,326.0,318.0
331,2022.12.28,953.0,0.0,0.0,0.0,0.0,0.0,331.0,331.0,327.0,327.0,327.0,319.0
332,2022.12.27,953.0,0.0,0.0,0.0,0.0,0.0,332.0,332.0,328.0,328.0,328.0,320.0
333,2022.12.26,953.0,0.0,0.0,0.0,0.0,0.0,333.0,333.0,329.0,329.0,329.0,321.0
334,2022.12.23,953.0,0.0,0.0,0.0,0.0,0.0,334.0,334.0,330.0,330.0,330.0,322.0
335,2022.12.22,953.0,0.0,0.0,0.0,0.0,0.0,335.0,335.0,331.0,331.0,331.0,323.0
336,2022.12.21,953.0,0.0,0.0,0.0,0.0,0.0,336.0,336.0,332.0,332.0,332.0,324.0
337,2022.12.20,953.0,0.0,0.0,0.0,0.0,0.0,337.0,337.0,333.0,333.0,333.0,325.0
338,2022.12.19,953.0,0.0,0.0,0.0,0.0,0.0,338.0,338.0,334.0,334.0,334.0,326.0
339,2022.12.16,953.0,0.0,0.0,0.0,0.0,0.0,339.0,339.0,335.0,335.0,335.0,327.0
340,2022.12.15,953.0,0.0,0.0,0.0,0.0,0.0,340.0,340.0,336.0,336.0,336.0,328.0
341,2022.12.14,953.0,0.0,0.0,0.0,0.0,0.0,341.0,341.0,337.0,337.0,337.0,329.0
342,2022.12.13,953.0,0.0,0.0,0.0,0.0,0.0,342.0,342.0,338.0,338.0,338.0,330.0
343,2022.12.12,953.0,0.0,0.0,0.0,0.0,0.0,343.0,343.0,339.0,339.0,339.0,331.0
344,2022.12.09,953.0,0.0,0.0,0.0,0.0,0.0,344.0,344.0,340.0,340.0,340.0,332.0
345,2022.12.08,953.0,62.0,1015.0,1070.0,951.0,8800867.0,345.0,345.0,341.0,341.0,341.0,333.0
346,2022.12.07,1015.0,25.0,1035.0,1060.0,1000.0,4803970.0,346.0,346.0,342.0,342.0,342.0,334.0
347,2022.12.06,1040.0,60.0,1070.0,1085.0,1035.0,2739973.0,347.0,347.0,343.0,343.0,343.0,335.0
348,2022.12.05,1100.0,5.0,1105.0,1120.0,1055.0,3557112.0,348.0,348.0,344.0,344.0,344.0,336.0
349,2022.12.02,1105.0,40.0,1160.0,1160.0,1085.0,4016408.0,349.0,349.0,345.0,345.0,345.0,337.0
350,2022.12.01,1145.0,35.0,1190.0,1195.0,1135.0,4773868.0,350.0,350.0,346.0,346.0,346.0,338.0
351,2022.11.30,1180.0,15.0,1195.0,1260.0,1180.0,7695395.0,351.0,351.0,347.0,347.0,347.0,339.0
352,2022.11.29,1195.0,35.0,1245.0,1245.0,1165.0,6267356.0,352.0,352.0,348.0,348.0,348.0,340.0
353,2022.11.28,1230.0,70.0,1175.0,1385.0,1145.0,34131067.0,353.0,353.0,349.0,349.0,349.0,341.0
354,2022.11.25,1160.0,65.0,1215.0,1225.0,1135.0,11796968.0,354.0,354.0,350.0,350.0,350.0,342.0
355,2022.11.24,1225.0,195.0,1040.0,1325.0,1035.0,61523613.0,355.0,355.0,351.0,351.0,351.0,343.0
356,2022.11.23,1030.0,15.0,1025.0,1045.0,1010.0,2377545.0,356.0,356.0,352.0,352.0,352.0,344.0
357,2022.11.22,1015.0,30.0,1025.0,1095.0,1010.0,4788447.0,357.0,357.0,353.0,353.0,353.0,345.0
358,2022.11.21,1045.0,50.0,1000.0,1125.0,994.0,21564751.0,358.0,358.0,354.0,354.0,354.0,346.0
359,2022.11.18,995.0,3.0,990.0,1020.0,990.0,2332939.0,359.0,359.0,355.0,355.0,355.0,347.0
360,2022.11.17,992.0,33.0,1025.0,1030.0,988.0,3782141.0,360.0,360.0,356.0,356.0,356.0,348.0
361,2022.11.16,1025.0,30.0,1050.0,1055.0,1010.0,3814448.0,361.0,361.0,357.0,357.0,357.0,349.0
362,2022.11.15,1055.0,10.0,1055.0,1070.0,1030.0,3807288.0,362.0,362.0,358.0,358.0,358.0,350.0
363,2022.11.14,1045.0,35.0,1070.0,1095.0,1035.0,6113311.0,363.0,363.0,359.0,359.0,359.0,351.0
364,2022.11.11,1080.0,55.0,1120.0,1165.0,1050.0,21109202.0,364.0,364.0,360.0,360.0,360.0,352.0
365,2022.11.10,1135.0,480.0,1180.0,1205.0,1135.0,20503425.0,365.0,365.0,361.0,361.0,361.0,353.0
366,2022.11.09,1615.0,35.0,1585.0,1620.0,1580.0,2737375.0,366.0,366.0,362.0,362.0,362.0,354.0
367,2022.11.08,1580.0,30.0,1620.0,1625.0,1575.0,2141663.0,367.0,367.0,363.0,363.0,363.0,355.0
368,2022.11.07,1610.0,35.0,1580.0,1630.0,1580.0,2170947.0,368.0,368.0,364.0,364.0,364.0,356.0
369,2022.11.04,1575.0,40.0,1590.0,1625.0,1550.0,2839796.0,369.0,369.0,365.0,365.0,365.0,357.0
370,2022.11.03,1615.0,25.0,1595.0,1660.0,1550.0,3438079.0,370.0,370.0,366.0,366.0,366.0,358.0
371,2022.11.02,1640.0,65.0,1705.0,1705.0,1630.0,3673937.0,371.0,371.0,367.0,367.0,367.0,359.0
372,2022.11.01,1705.0,15.0,1695.0,1715.0,1650.0,3244307.0,372.0,372.0,368.0,368.0,368.0,360.0
373,2022.10.31,1690.0,5.0,1730.0,1750.0,1685.0,3996142.0,373.0,373.0,369.0,369.0,369.0,361.0
374,2022.10.28,1685.0,15.0,1695.0,1765.0,1665.0,6277458.0,374.0,374.0,370.0,370.0,370.0,362.0
375,2022.10.27,1700.0,65.0,1630.0,1750.0,1630.0,6577691.0,375.0,375.0,371.0,371.0,371.0,363.0
376,2022.10.26,1635.0,40.0,1675.0,1710.0,1625.0,3357948.0,376.0,376.0,372.0,372.0,372.0,364.0
377,2022.10.25,1675.0,25.0,1690.0,1725.0,1620.0,3828224.0,377.0,377.0,373.0,373.0,373.0,365.0
378,2022.10.24,1700.0,20.0,1710.0,1750.0,1670.0,5110086.0,378.0,378.0,374.0,374.0,374.0,366.0
379,2022.10.21,1680.0,140.0,1780.0,1795.0,1670.0,7228919.0,379.0,379.0,375.0,375.0,375.0,367.0
380,2022.10.20,1820.0,75.0,1895.0,1925.0,1815.0,4897018.0,380.0,380.0,376.0,376.0,376.0,368.0
381,2022.10.19,1895.0,55.0,1990.0,2015.0,1885.0,8630470.0,381.0,381.0,377.0,377.0,377.0,369.0
382,2022.10.18,1950.0,70.0,2035.0,2045.0,1915.0,9902239.0,382.0,382.0,378.0,378.0,378.0,370.0
383,2022.10.17,2020.0,100.0,1865.0,2040.0,1850.0,14326553.0,383.0,383.0,379.0,379.0,379.0,371.0
384,2022.10.14,1920.0,5.0,2035.0,2195.0,1915.0,39262093.0,384.0,384.0,380.0,380.0,380.0,372.0
385,2022.10.13,1925.0,205.0,1780.0,1975.0,1725.0,36408890.0,385.0,385.0,381.0,381.0,381.0,373.0
386,2022.10.12,1720.0,165.0,1860.0,1880.0,1690.0,9400707.0,386.0,386.0,382.0,382.0,382.0,374.0
387,2022.10.11,1885.0,125.0,2000.0,2000.0,1855.0,7938601.0,387.0,387.0,383.0,383.0,383.0,375.0
388,2022.10.07,2010.0,215.0,2265.0,2285.0,1985.0,20178045.0,388.0,388.0,384.0,384.0,384.0,376.0
389,2022.10.06,2225.0,20.0,2170.0,2295.0,2130.0,23522951.0,389.0,389.0,385.0,385.0,385.0,377.0
390,2022.10.05,2205.0,270.0,1925.0,2255.0,1925.0,61956586.0,390.0,390.0,386.0,386.0,386.0,378.0
391,2022.10.04,1935.0,35.0,1880.0,2015.0,1860.0,16974253.0,391.0,391.0,387.0,387.0,387.0,379.0
392,2022.09.30,1900.0,145.0,2050.0,2090.0,1855.0,15684135.0,392.0,392.0,388.0,388.0,388.0,380.0
393,2022.09.29,2045.0,215.0,2175.0,2375.0,1980.0,26674629.0,393.0,393.0,389.0,389.0,389.0,381.0
394,2022.09.28,2260.0,120.0,2300.0,2600.0,2120.0,48636013.0,394.0,394.0,390.0,390.0,390.0,382.0
395,2022.09.27,2140.0,135.0,2400.0,2445.0,2065.0,28534645.0,395.0,395.0,391.0,391.0,391.0,383.0
396,2022.09.26,2275.0,40.0,2330.0,2425.0,2065.0,47798101.0,396.0,396.0,392.0,392.0,392.0,384.0
397,2022.09.23,2235.0,515.0,1710.0,2235.0,1705.0,34721372.0,397.0,397.0,393.0,393.0,393.0,385.0
398,2022.09.22,1720.0,60.0,1730.0,1745.0,1700.0,1392895.0,398.0,398.0,394.0,394.0,394.0,386.0
399,2022.09.21,1780.0,40.0,1800.0,1805.0,1670.0,3488963.0,399.0,399.0,395.0,395.0,395.0,387.0
400,2022.09.20,1820.0,10.0,1830.0,1975.0,1800.0,5936379.0,400.0,400.0,396.0,396.0,396.0,388.0
401,2022.09.19,1810.0,110.0,1970.0,1975.0,1780.0,3351992.0,401.0,401.0,397.0,397.0,397.0,389.0
402,2022.09.16,1920.0,5.0,1945.0,1960.0,1880.0,5306438.0,402.0,402.0,398.0,398.0,398.0,390.0
403,2022.09.15,1915.0,130.0,1790.0,1925.0,1775.0,6889105.0,403.0,403.0,399.0,399.0,399.0,391.0
404,2022.09.14,1785.0,55.0,1755.0,1790.0,1745.0,1280081.0,404.0,404.0,400.0,400.0,400.0,392.0
405,2022.09.13,1840.0,100.0,1770.0,1935.0,1730.0,4454021.0,405.0,405.0,401.0,401.0,401.0,393.0
406,2022.09.08,1740.0,30.0,1730.0,1805.0,1730.0,1345051.0,406.0,406.0,402.0,402.0,402.0,394.0
407,2022.09.07,1770.0,20.0,1790.0,1845.0,1735.0,2061575.0,407.0,407.0,403.0,403.0,403.0,395.0
408,2022.09.06,1790.0,145.0,1645.0,1815.0,1645.0,2932263.0,408.0,408.0,404.0,404.0,404.0,396.0
409,2022.09.05,1645.0,0.0,1645.0,1720.0,1630.0,1355149.0,409.0,409.0,405.0,405.0,405.0,397.0
410,2022.09.02,1645.0,10.0,1655.0,1710.0,1635.0,606928.0,410.0,410.0,406.0,406.0,406.0,398.0
411,2022.09.01,1655.0,30.0,1680.0,1710.0,1600.0,1262542.0,411.0,411.0,407.0,407.0,407.0,399.0
412,2022.08.31,1685.0,65.0,1730.0,1750.0,1680.0,708082.0,412.0,412.0,408.0,408.0,408.0,400.0
413,2022.08.30,1750.0,50.0,1800.0,1815.0,1740.0,652735.0,413.0,413.0,409.0,409.0,409.0,401.0
414,2022.08.29,1800.0,40.0,1770.0,1830.0,1750.0,608109.0,414.0,414.0,410.0,410.0,410.0,402.0
415,2022.08.26,1840.0,0.0,1820.0,1880.0,1800.0,1050809.0,415.0,415.0,411.0,411.0,411.0,403.0
416,2022.08.25,1840.0,75.0,1745.0,1855.0,1730.0,2151000.0,416.0,416.0,412.0,412.0,412.0,404.0
417,2022.08.24,1765.0,155.0,1630.0,1895.0,1620.0,8904503.0,417.0,417.0,413.0,413.0,413.0,405.0
418,2022.08.23,1610.0,45.0,1635.0,1665.0,1605.0,685140.0,418.0,418.0,414.0,414.0,414.0,406.0
419,2022.08.22,1655.0,45.0,1675.0,1710.0,1655.0,399868.0,419.0,419.0,415.0,415.0,415.0,407.0
420,2022.08.19,1700.0,0.0,1700.0,1750.0,1695.0,301066.0,420.0,420.0,416.0,416.0,416.0,408.0
421,2022.08.18,1700.0,25.0,1725.0,1725.0,1675.0,397721.0,421.0,421.0,417.0,417.0,417.0,409.0
422,2022.08.17,1725.0,80.0,1790.0,1805.0,1710.0,575358.0,422.0,422.0,418.0,418.0,418.0,410.0
423,2022.08.16,1805.0,15.0,1790.0,1815.0,1785.0,414270.0,423.0,423.0,419.0,419.0,419.0,411.0
424,2022.08.12,1790.0,25.0,1760.0,1795.0,1730.0,667359.0,424.0,424.0,420.0,420.0,420.0,412.0
425,2022.08.11,1765.0,15.0,1780.0,1830.0,1750.0,930376.0,425.0,425.0,421.0,421.0,421.0,413.0
426,2022.08.10,1750.0,40.0,1700.0,1765.0,1635.0,1441513.0,426.0,426.0,422.0,422.0,422.0,414.0
427,2022.08.09,1710.0,75.0,1755.0,1770.0,1700.0,1637126.0,427.0,427.0,423.0,423.0,423.0,415.0
428,2022.08.08,1785.0,55.0,1840.0,1840.0,1770.0,1167432.0,428.0,428.0,424.0,424.0,424.0,416.0
429,2022.08.05,1840.0,30.0,1805.0,1850.0,1800.0,767015.0,429.0,429.0,425.0,425.0,425.0,417.0
430,2022.08.04,1810.0,0.0,1840.0,1840.0,1800.0,527847.0,430.0,430.0,426.0,426.0,426.0,418.0
431,2022.08.03,1810.0,0.0,1805.0,1835.0,1800.0,608730.0,431.0,431.0,427.0,427.0,427.0,419.0
432,2022.08.02,1810.0,35.0,1860.0,1875.0,1790.0,1209729.0,432.0,432.0,428.0,428.0,428.0,420.0
433,2022.08.01,1845.0,50.0,1895.0,1905.0,1830.0,1304739.0,433.0,433.0,429.0,429.0,429.0,421.0
434,2022.07.29,1895.0,25.0,1965.0,1975.0,1890.0,2062765.0,434.0,434.0,430.0,430.0,430.0,422.0
435,2022.07.28,1920.0,45.0,1885.0,1925.0,1855.0,1659362.0,435.0,435.0,431.0,431.0,431.0,423.0
436,2022.07.27,1875.0,5.0,1860.0,1920.0,1855.0,663528.0,436.0,436.0,432.0,432.0,432.0,424.0
437,2022.07.26,1880.0,10.0,1855.0,1965.0,1850.0,1186449.0,437.0,437.0,433.0,433.0,433.0,425.0
438,2022.07.25,1870.0,65.0,1940.0,1950.0,1860.0,1225850.0,438.0,438.0,434.0,434.0,434.0,426.0
439,2022.07.22,1935.0,65.0,1975.0,2000.0,1925.0,1299664.0,439.0,439.0,435.0,435.0,435.0,427.0
440,2022.07.21,2000.0,25.0,1990.0,2090.0,1930.0,3915624.0,440.0,440.0,436.0,436.0,436.0,428.0
441,2022.07.20,1975.0,45.0,2040.0,2040.0,1965.0,1482096.0,441.0,441.0,437.0,437.0,437.0,429.0
442,2022.07.19,2020.0,0.0,2020.0,2060.0,1990.0,1256018.0,442.0,442.0,438.0,438.0,438.0,430.0
443,2022.07.18,2020.0,35.0,1990.0,2040.0,1935.0,1712404.0,443.0,443.0,439.0,439.0,439.0,431.0
444,2022.07.15,1985.0,65.0,1935.0,2030.0,1905.0,3957481.0,444.0,444.0,440.0,440.0,440.0,432.0
445,2022.07.14,1920.0,45.0,1945.0,1995.0,1900.0,1622484.0,445.0,445.0,441.0,441.0,441.0,433.0
446,2022.07.13,1965.0,165.0,1835.0,1970.0,1785.0,4391188.0,446.0,446.0,442.0,442.0,442.0,434.0
447,2022.07.12,1800.0,20.0,1800.0,1930.0,1745.0,2916779.0,447.0,447.0,443.0,443.0,443.0,435.0
448,2022.07.11,1820.0,75.0,1925.0,1925.0,1805.0,1834875.0,448.0,448.0,444.0,444.0,444.0,436.0
449,2022.07.08,1895.0,20.0,1895.0,1910.0,1870.0,1681248.0,449.0,449.0,445.0,445.0,445.0,437.0
450,2022.07.07,1875.0,0.0,1895.0,1965.0,1860.0,2311360.0,450.0,450.0,446.0,446.0,446.0,438.0
451,2022.07.06,1875.0,105.0,1970.0,1975.0,1870.0,2425437.0,451.0,451.0,447.0,447.0,447.0,439.0
452,2022.07.05,1980.0,30.0,2010.0,2010.0,1900.0,1450012.0,452.0,452.0,448.0,448.0,448.0,440.0
453,2022.07.04,2010.0,125.0,2145.0,2165.0,1865.0,4591570.0,453.0,453.0,449.0,449.0,449.0,441.0
454,2022.07.01,2135.0,55.0,2110.0,2175.0,2050.0,2223072.0,454.0,454.0,450.0,450.0,450.0,442.0
455,2022.06.30,2080.0,165.0,2200.0,2240.0,2080.0,3567287.0,455.0,455.0,451.0,451.0,451.0,443.0
456,2022.06.29,2245.0,125.0,2090.0,2285.0,2060.0,11853902.0,456.0,456.0,452.0,452.0,452.0,444.0
457,2022.06.28,2120.0,55.0,2155.0,2195.0,2100.0,2546952.0,457.0,457.0,453.0,453.0,453.0,445.0
458,2022.06.27,2175.0,40.0,2140.0,2200.0,2080.0,5538361.0,458.0,458.0,454.0,454.0,454.0,446.0
459,2022.06.24,2135.0,90.0,2035.0,2170.0,1990.0,5415328.0,459.0,459.0,455.0,455.0,455.0,447.0
460,2022.06.23,2045.0,40.0,2195.0,2325.0,1900.0,28657058.0,460.0,460.0,456.0,456.0,456.0,448.0
461,2022.06.22,2085.0,125.0,1995.0,2120.0,1970.0,7388529.0,461.0,461.0,457.0,457.0,457.0,449.0
462,2022.06.21,1960.0,5.0,1975.0,2015.0,1960.0,1290531.0,462.0,462.0,458.0,458.0,458.0,450.0
463,2022.06.20,1965.0,0.0,1985.0,2030.0,1945.0,1936004.0,463.0,463.0,459.0,459.0,459.0,451.0
464,2022.06.17,1965.0,10.0,1900.0,2015.0,1805.0,2611267.0,464.0,464.0,460.0,460.0,460.0,452.0
465,2022.06.16,1955.0,65.0,1935.0,2105.0,1925.0,6907425.0,465.0,465.0,461.0,461.0,461.0,453.0
466,2022.06.15,1890.0,125.0,2020.0,2025.0,1865.0,2822253.0,466.0,466.0,462.0,462.0,462.0,454.0
467,2022.06.14,2015.0,85.0,1855.0,2260.0,1820.0,21572953.0,467.0,467.0,463.0,463.0,463.0,455.0
468,2022.06.13,1930.0,110.0,2000.0,2025.0,1895.0,1303977.0,468.0,468.0,464.0,464.0,464.0,456.0
469,2022.06.10,2040.0,80.0,1960.0,2065.0,1960.0,1394116.0,469.0,469.0,465.0,465.0,465.0,457.0
470,2022.06.09,1960.0,70.0,2030.0,2035.0,1960.0,997547.0,470.0,470.0,466.0,466.0,466.0,458.0
471,2022.06.08,2030.0,35.0,2070.0,2165.0,2025.0,2583280.0,471.0,471.0,467.0,467.0,467.0,459.0
472,2022.06.07,2065.0,45.0,2125.0,2125.0,2005.0,1500421.0,472.0,472.0,468.0,468.0,468.0,460.0
473,2022.06.03,2110.0,70.0,2055.0,2155.0,2025.0,4695394.0,473.0,473.0,469.0,469.0,469.0,461.0
474,2022.06.02,2040.0,100.0,1950.0,2110.0,1925.0,8121616.0,474.0,474.0,470.0,470.0,470.0,462.0
475,2022.05.31,1940.0,65.0,1895.0,1955.0,1850.0,1777321.0,475.0,475.0,471.0,471.0,471.0,463.0
476,2022.05.30,1875.0,45.0,1840.0,1915.0,1840.0,1057880.0,476.0,476.0,472.0,472.0,472.0,464.0
477,2022.05.27,1830.0,45.0,1775.0,1865.0,1755.0,1018431.0,477.0,477.0,473.0,473.0,473.0,465.0
478,2022.05.26,1785.0,25.0,1830.0,1835.0,1770.0,2256334.0,478.0,478.0,474.0,474.0,474.0,466.0
479,2022.05.25,1810.0,35.0,1870.0,1885.0,1805.0,2465369.0,479.0,479.0,475.0,475.0,475.0,467.0
480,2022.05.24,1845.0,40.0,1865.0,1905.0,1830.0,1504379.0,480.0,480.0,476.0,476.0,476.0,468.0
481,2022.05.23,1885.0,40.0,1940.0,1945.0,1840.0,1524266.0,481.0,481.0,477.0,477.0,477.0,469.0
482,2022.05.20,1925.0,15.0,1900.0,1950.0,1885.0,1556130.0,482.0,482.0,478.0,478.0,478.0,470.0
483,2022.05.19,1910.0,70.0,1800.0,1955.0,1785.0,4405193.0,483.0,483.0,479.0,479.0,479.0,471.0
484,2022.05.18,1840.0,0.0,1860.0,1865.0,1760.0,1437106.0,484.0,484.0,480.0,480.0,480.0,472.0
485,2022.05.17,1840.0,0.0,1820.0,1870.0,1795.0,1105657.0,485.0,485.0,481.0,481.0,481.0,473.0
486,2022.05.16,1840.0,65.0,1800.0,1920.0,1780.0,4464215.0,486.0,486.0,482.0,482.0,482.0,474.0
487,2022.05.13,1775.0,90.0,1700.0,1890.0,1690.0,5562827.0,487.0,487.0,483.0,483.0,483.0,475.0
488,2022.05.12,1685.0,45.0,1715.0,1725.0,1660.0,810211.0,488.0,488.0,484.0,484.0,484.0,476.0
489,2022.05.11,1730.0,25.0,1730.0,1795.0,1715.0,758713.0,489.0,489.0,485.0,485.0,485.0,477.0
490,2022.05.10,1755.0,35.0,1650.0,1765.0,1645.0,1242910.0,490.0,490.0,486.0,486.0,486.0,478.0
491,2022.05.09,1720.0,110.0,1835.0,1835.0,1675.0,2041575.0,491.0,491.0,487.0,487.0,487.0,479.0
492,2022.05.06,1830.0,80.0,1720.0,1950.0,1715.0,10321274.0,492.0,492.0,488.0,488.0,488.0,480.0
493,2022.05.04,1750.0,15.0,1720.0,1780.0,1715.0,979271.0,493.0,493.0,489.0,489.0,489.0,481.0
494,2022.05.03,1735.0,40.0,1780.0,1795.0,1735.0,870824.0,494.0,494.0,490.0,490.0,490.0,482.0
495,2022.05.02,1775.0,10.0,1720.0,1795.0,1720.0,1140614.0,495.0,495.0,491.0,491.0,491.0,483.0
496,2022.04.29,1765.0,45.0,1715.0,1765.0,1700.0,1459841.0,496.0,496.0,492.0,492.0,492.0,484.0
497,2022.04.28,1720.0,65.0,1665.0,1745.0,1620.0,1921592.0,497.0,497.0,493.0,493.0,493.0,485.0
498,2022.04.27,1655.0,35.0,1585.0,1655.0,1560.0,786736.0,498.0,498.0,494.0,494.0,494.0,486.0
499,2022.04.26,1620.0,60.0,1560.0,1620.0,1560.0,557976.0,499.0,499.0,495.0,495.0,495.0,487.0
500,2022.04.25,1560.0,35.0,1560.0,1580.0,1530.0,899793.0,500.0,500.0,496.0,496.0,496.0,488.0
501,2022.04.22,1595.0,45.0,1625.0,1625.0,1590.0,580455.0,501.0,501.0,497.0,497.0,497.0,489.0
502,2022.04.21,1640.0,10.0,1645.0,1680.0,1625.0,907668.0,502.0,502.0,498.0,498.0,498.0,490.0
503,2022.04.20,1650.0,20.0,1630.0,1660.0,1610.0,702187.0,503.0,503.0,499.0,499.0,499.0,491.0
504,2022.04.19,1630.0,25.0,1605.0,1650.0,1585.0,937478.0,504.0,504.0,500.0,500.0,500.0,492.0
505,2022.04.18,1605.0,45.0,1550.0,1620.0,1540.0,1103590.0,505.0,505.0,501.0,501.0,501.0,493.0
506,2022.04.15,1560.0,40.0,1600.0,1600.0,1550.0,1426482.0,506.0,506.0,502.0,502.0,502.0,494.0
507,2022.04.14,1600.0,15.0,1630.0,1635.0,1600.0,1299595.0,507.0,507.0,503.0,503.0,503.0,495.0
508,2022.04.13,1615.0,5.0,1610.0,1645.0,1595.0,1686168.0,508.0,508.0,504.0,504.0,504.0,496.0
509,2022.04.12,1610.0,65.0,1640.0,1680.0,1590.0,2292740.0,509.0,509.0,505.0,505.0,505.0,497.0
510,2022.04.11,1675.0,135.0,1775.0,1775.0,1660.0,2383846.0,510.0,510.0,506.0,506.0,506.0,498.0
511,2022.04.08,1810.0,0.0,1780.0,1880.0,1725.0,4886794.0,511.0,511.0,507.0,507.0,507.0,499.0
512,2022.04.07,1810.0,110.0,1870.0,1890.0,1810.0,2171046.0,512.0,512.0,508.0,508.0,508.0,500.0
513,2022.04.06,1920.0,25.0,1895.0,1925.0,1830.0,3455102.0,513.0,513.0,509.0,509.0,509.0,501.0
514,2022.04.05,1895.0,90.0,2065.0,2140.0,1880.0,12302809.0,514.0,514.0,510.0,510.0,510.0,502.0
515,2022.04.04,1985.0,185.0,1800.0,2085.0,1780.0,47895719.0,515.0,515.0,511.0,511.0,511.0,503.0
516,2022.04.01,1800.0,15.0,1815.0,1920.0,1790.0,7651941.0,516.0,516.0,512.0,512.0,512.0,504.0
517,2022.03.31,1815.0,50.0,1765.0,1840.0,1765.0,1738475.0,517.0,517.0,513.0,513.0,513.0,505.0
518,2022.03.30,1765.0,10.0,1780.0,1900.0,1765.0,8151627.0,518.0,518.0,514.0,514.0,514.0,506.0
519,2022.03.29,1775.0,10.0,1795.0,1805.0,1770.0,1114690.0,519.0,519.0,515.0,515.0,515.0,507.0
520,2022.03.28,1785.0,0.0,1750.0,1830.0,1745.0,2187349.0,520.0,520.0,516.0,516.0,516.0,508.0
521,2022.03.25,1785.0,75.0,1865.0,1865.0,1785.0,2589596.0,521.0,521.0,517.0,517.0,517.0,509.0
522,2022.03.24,1860.0,20.0,1830.0,1885.0,1820.0,3527427.0,522.0,522.0,518.0,518.0,518.0,510.0
523,2022.03.23,1840.0,5.0,1855.0,1880.0,1835.0,3280566.0,523.0,523.0,519.0,519.0,519.0,511.0
524,2022.03.22,1845.0,10.0,1860.0,1865.0,1810.0,3019040.0,524.0,524.0,520.0,520.0,520.0,512.0
525,2022.03.21,1855.0,5.0,1860.0,1880.0,1830.0,3478940.0,525.0,525.0,521.0,521.0,521.0,513.0
526,2022.03.18,1860.0,75.0,1935.0,1935.0,1850.0,4960020.0,526.0,526.0,522.0,522.0,522.0,514.0
527,2022.03.17,1935.0,10.0,1965.0,1975.0,1930.0,7966175.0,527.0,527.0,523.0,523.0,523.0,515.0
528,2022.03.16,1945.0,35.0,2150.0,2170.0,1910.0,34261751.0,528.0,528.0,524.0,524.0,524.0,516.0
529,2022.03.15,1980.0,455.0,1550.0,1980.0,1520.0,60735679.0,529.0,529.0,525.0,525.0,525.0,517.0
530,2022.03.14,1525.0,30.0,1495.0,1590.0,1465.0,1986494.0,530.0,530.0,526.0,526.0,526.0,518.0
531,2022.03.11,1495.0,0.0,1500.0,1515.0,1465.0,1593687.0,531.0,531.0,527.0,527.0,527.0,519.0
532,2022.03.10,1495.0,85.0,1420.0,1695.0,1415.0,9734917.0,532.0,532.0,528.0,528.0,528.0,520.0
533,2022.03.08,1410.0,5.0,1410.0,1425.0,1385.0,218316.0,533.0,533.0,529.0,529.0,529.0,521.0
534,2022.03.07,1415.0,35.0,1420.0,1440.0,1400.0,247531.0,534.0,534.0,530.0,530.0,530.0,522.0
535,2022.03.04,1450.0,5.0,1455.0,1500.0,1430.0,334327.0,535.0,535.0,531.0,531.0,531.0,523.0
536,2022.03.03,1455.0,5.0,1480.0,1485.0,1445.0,184452.0,536.0,536.0,532.0,532.0,532.0,524.0
537,2022.03.02,1460.0,25.0,1430.0,1475.0,1415.0,196745.0,537.0,537.0,533.0,533.0,533.0,525.0
538,2022.02.28,1435.0,25.0,1395.0,1450.0,1395.0,276973.0,538.0,538.0,534.0,534.0,534.0,526.0
539,2022.02.25,1410.0,15.0,1410.0,1445.0,1400.0,305679.0,539.0,539.0,535.0,535.0,535.0,527.0
540,2022.02.24,1395.0,70.0,1450.0,1460.0,1385.0,589811.0,540.0,540.0,536.0,536.0,536.0,528.0
541,2022.02.23,1465.0,15.0,1450.0,1475.0,1445.0,219481.0,541.0,541.0,537.0,537.0,537.0,529.0
542,2022.02.22,1450.0,45.0,1460.0,1500.0,1435.0,333130.0,542.0,542.0,538.0,538.0,538.0,530.0
543,2022.02.21,1495.0,5.0,1470.0,1510.0,1455.0,181875.0,543.0,543.0,539.0,539.0,539.0,531.0
544,2022.02.18,1490.0,25.0,1435.0,1505.0,1435.0,269076.0,544.0,544.0,540.0,540.0,540.0,532.0
545,2022.02.17,1465.0,20.0,1485.0,1515.0,1435.0,518372.0,545.0,545.0,541.0,541.0,541.0,533.0
546,2022.02.16,1485.0,75.0,1450.0,1505.0,1445.0,424240.0,546.0,546.0,542.0,542.0,542.0,534.0
547,2022.02.15,1410.0,65.0,1460.0,1480.0,1400.0,545549.0,547.0,547.0,543.0,543.0,543.0,535.0
548,2022.02.14,1475.0,80.0,1515.0,1515.0,1455.0,466140.0,548.0,548.0,544.0,544.0,544.0,536.0
549,2022.02.11,1555.0,20.0,1570.0,1590.0,1550.0,323060.0,549.0,549.0,545.0,545.0,545.0,537.0
550,2022.02.10,1575.0,45.0,1625.0,1625.0,1575.0,426296.0,550.0,550.0,546.0,546.0,546.0,538.0
551,2022.02.09,1620.0,5.0,1630.0,1630.0,1600.0,269826.0,551.0,551.0,547.0,547.0,547.0,539.0
552,2022.02.08,1615.0,40.0,1655.0,1685.0,1585.0,773452.0,552.0,552.0,548.0,548.0,548.0,540.0
553,2022.02.07,1655.0,55.0,1630.0,1710.0,1570.0,2528285.0,553.0,553.0,549.0,549.0,549.0,541.0
554,2022.02.04,1600.0,80.0,1530.0,1630.0,1520.0,1680316.0,554.0,554.0,550.0,550.0,550.0,542.0
555,2022.02.03,1520.0,135.0,1435.0,1700.0,1400.0,7086798.0,555.0,555.0,551.0,551.0,551.0,543.0
556,2022.01.28,1385.0,30.0,1345.0,1405.0,1340.0,254702.0,556.0,556.0,552.0,552.0,552.0,544.0
557,2022.01.27,1355.0,85.0,1450.0,1470.0,1335.0,684661.0,557.0,557.0,553.0,553.0,553.0,545.0
558,2022.01.26,1440.0,0.0,1435.0,1475.0,1420.0,419364.0,558.0,558.0,554.0,554.0,554.0,546.0
559,2022.01.25,1440.0,80.0,1520.0,1535.0,1400.0,931687.0,559.0,559.0,555.0,555.0,555.0,547.0
560,2022.01.24,1520.0,120.0,1620.0,1620.0,1500.0,747556.0,560.0,560.0,556.0,556.0,556.0,548.0
561,2022.01.21,1640.0,60.0,1670.0,1715.0,1610.0,830741.0,561.0,561.0,557.0,557.0,557.0,549.0
562,2022.01.20,1700.0,35.0,1665.0,1705.0,1640.0,507764.0,562.0,562.0,558.0,558.0,558.0,550.0
563,2022.01.19,1665.0,70.0,1705.0,1725.0,1660.0,1190596.0,563.0,563.0,559.0,559.0,559.0,551.0
564,2022.01.18,1735.0,75.0,1685.0,1775.0,1640.0,3404608.0,564.0,564.0,560.0,560.0,560.0,552.0
565,2022.01.17,1660.0,100.0,1570.0,1840.0,1545.0,10456171.0,565.0,565.0,561.0,561.0,561.0,553.0
566,2022.01.14,1560.0,15.0,1540.0,1585.0,1525.0,439309.0,566.0,566.0,562.0,562.0,562.0,554.0
567,2022.01.13,1545.0,15.0,1530.0,1665.0,1510.0,1631123.0,567.0,567.0,563.0,563.0,563.0,555.0
568,2022.01.12,1530.0,5.0,1525.0,1560.0,1520.0,341562.0,568.0,568.0,564.0,564.0,564.0,556.0
569,2022.01.11,1525.0,30.0,1545.0,1555.0,1505.0,347749.0,569.0,569.0,565.0,565.0,565.0,557.0
570,2022.01.10,1555.0,20.0,1580.0,1580.0,1515.0,329360.0,570.0,570.0,566.0,566.0,566.0,558.0
571,2022.01.07,1575.0,40.0,1540.0,1595.0,1540.0,360843.0,571.0,571.0,567.0,567.0,567.0,559.0
572,2022.01.06,1535.0,20.0,1510.0,1585.0,1470.0,457717.0,572.0,572.0,568.0,568.0,568.0,560.0
573,2022.01.05,1515.0,55.0,1570.0,1590.0,1515.0,345176.0,573.0,573.0,569.0,569.0,569.0,561.0
574,2022.01.04,1570.0,25.0,1560.0,1575.0,1525.0,264960.0,574.0,574.0,570.0,570.0,570.0,562.0
575,2022.01.03,1545.0,20.0,1515.0,1545.0,1500.0,311982.0,575.0,575.0,571.0,571.0,571.0,563.0
576,2021.12.30,1525.0,40.0,1470.0,1535.0,1470.0,278443.0,576.0,576.0,572.0,572.0,572.0,564.0
577,2021.12.29,1485.0,30.0,1455.0,1485.0,1445.0,288929.0,577.0,577.0,573.0,573.0,573.0,565.0
578,2021.12.28,1455.0,35.0,1505.0,1505.0,1450.0,287063.0,578.0,578.0,574.0,574.0,574.0,566.0
579,2021.12.27,1490.0,5.0,1485.0,1500.0,1470.0,209342.0,579.0,579.0,575.0,575.0,575.0,567.0
580,2021.12.24,1495.0,30.0,1470.0,1505.0,1460.0,332550.0,580.0,580.0,576.0,576.0,576.0,568.0
581,2021.12.23,1465.0,20.0,1435.0,1475.0,1430.0,252367.0,581.0,581.0,577.0,577.0,577.0,569.0
582,2021.12.22,1445.0,20.0,1470.0,1475.0,1430.0,241764.0,582.0,582.0,578.0,578.0,578.0,570.0
583,2021.12.21,1465.0,50.0,1400.0,1475.0,1400.0,365219.0,583.0,583.0,579.0,579.0,579.0,571.0
584,2021.12.20,1415.0,50.0,1450.0,1475.0,1415.0,454814.0,584.0,584.0,580.0,580.0,580.0,572.0
585,2021.12.17,1465.0,0.0,1455.0,1485.0,1450.0,348240.0,585.0,585.0,581.0,581.0,581.0,573.0
586,2021.12.16,1465.0,15.0,1485.0,1505.0,1460.0,514052.0,586.0,586.0,582.0,582.0,582.0,574.0
587,2021.12.15,1480.0,55.0,1550.0,1550.0,1450.0,1010706.0,587.0,587.0,583.0,583.0,583.0,575.0
588,2021.12.14,1535.0,120.0,1615.0,1655.0,1535.0,1692834.0,588.0,588.0,584.0,584.0,584.0,576.0
589,2021.12.13,1655.0,105.0,1700.0,1885.0,1610.0,7444611.0,589.0,589.0,585.0,585.0,585.0,577.0
590,2021.12.10,1550.0,20.0,1555.0,1585.0,1510.0,292156.0,590.0,590.0,586.0,586.0,586.0,578.0
591,2021.12.09,1570.0,10.0,1550.0,1585.0,1545.0,210285.0,591.0,591.0,587.0,587.0,587.0,579.0
592,2021.12.08,1560.0,0.0,1575.0,1590.0,1535.0,226440.0,592.0,592.0,588.0,588.0,588.0,580.0
593,2021.12.07,1560.0,20.0,1545.0,1575.0,1540.0,181764.0,593.0,593.0,589.0,589.0,589.0,581.0
594,2021.12.06,1540.0,15.0,1515.0,1545.0,1485.0,115061.0,594.0,594.0,590.0,590.0,590.0,582.0
595,2021.12.03,1525.0,30.0,1500.0,1550.0,1480.0,201381.0,595.0,595.0,591.0,591.0,591.0,583.0
596,2021.12.02,1495.0,55.0,1450.0,1505.0,1405.0,277306.0,596.0,596.0,592.0,592.0,592.0,584.0
597,2021.12.01,1440.0,45.0,1385.0,1475.0,1380.0,431261.0,597.0,597.0,593.0,593.0,593.0,585.0
598,2021.11.30,1395.0,100.0,1520.0,1525.0,1395.0,642801.0,598.0,598.0,594.0,594.0,594.0,586.0
599,2021.11.29,1495.0,10.0,1455.0,1505.0,1410.0,519224.0,599.0,599.0,595.0,595.0,595.0,587.0
600,2021.11.26,1485.0,95.0,1585.0,1595.0,1485.0,947636.0,600.0,600.0,596.0,596.0,596.0,588.0
601,2021.11.25,1580.0,55.0,1640.0,1640.0,1550.0,613180.0,601.0,601.0,597.0,597.0,597.0,589.0
602,2021.11.24,1635.0,30.0,1665.0,1705.0,1620.0,357312.0,602.0,602.0,598.0,598.0,598.0,590.0
603,2021.11.23,1665.0,20.0,1695.0,1705.0,1655.0,280902.0,603.0,603.0,599.0,599.0,599.0,591.0
604,2021.11.22,1685.0,30.0,1655.0,1740.0,1645.0,432101.0,604.0,604.0,600.0,600.0,600.0,592.0
605,2021.11.19,1655.0,45.0,1600.0,1670.0,1580.0,310487.0,605.0,605.0,601.0,601.0,601.0,593.0
606,2021.11.18,1610.0,35.0,1650.0,1655.0,1610.0,271179.0,606.0,606.0,602.0,602.0,602.0,594.0
607,2021.11.17,1645.0,55.0,1700.0,1705.0,1640.0,507910.0,607.0,607.0,603.0,603.0,603.0,595.0
608,2021.11.16,1700.0,70.0,1770.0,1775.0,1675.0,717963.0,608.0,608.0,604.0,604.0,604.0,596.0
609,2021.11.15,1770.0,155.0,1620.0,1885.0,1615.0,3567560.0,609.0,609.0,605.0,605.0,605.0,597.0
610,2021.11.12,1615.0,50.0,1565.0,1650.0,1560.0,504057.0,610.0,610.0,606.0,606.0,606.0,598.0
611,2021.11.11,1565.0,10.0,1530.0,1590.0,1525.0,414942.0,611.0,611.0,607.0,607.0,607.0,599.0
612,2021.11.10,1555.0,45.0,1620.0,1620.0,1550.0,518046.0,612.0,612.0,608.0,608.0,608.0,600.0
613,2021.11.09,1600.0,50.0,1665.0,1670.0,1585.0,698218.0,613.0,613.0,609.0,609.0,609.0,601.0
614,2021.11.08,1650.0,50.0,1710.0,1720.0,1630.0,663452.0,614.0,614.0,610.0,610.0,610.0,602.0
615,2021.11.05,1700.0,20.0,1710.0,1750.0,1670.0,395999.0,615.0,615.0,611.0,611.0,611.0,603.0
616,2021.11.04,1720.0,15.0,1760.0,1790.0,1715.0,364456.0,616.0,616.0,612.0,612.0,612.0,604.0
617,2021.11.03,1735.0,15.0,1700.0,1820.0,1700.0,756840.0,617.0,617.0,613.0,613.0,613.0,605.0
618,2021.11.02,1720.0,5.0,1730.0,1750.0,1705.0,399055.0,618.0,618.0,614.0,614.0,614.0,606.0
619,2021.11.01,1725.0,10.0,1740.0,1755.0,1680.0,428921.0,619.0,619.0,615.0,615.0,615.0,607.0
620,2021.10.29,1735.0,65.0,1850.0,1850.0,1725.0,813528.0,620.0,620.0,616.0,616.0,616.0,608.0
621,2021.10.28,1800.0,25.0,1780.0,1835.0,1770.0,541633.0,621.0,621.0,617.0,617.0,617.0,609.0
622,2021.10.27,1775.0,15.0,1795.0,1825.0,1765.0,281647.0,622.0,622.0,618.0,618.0,618.0,610.0
623,2021.10.26,1790.0,45.0,1765.0,1805.0,1765.0,406409.0,623.0,623.0,619.0,619.0,619.0,611.0
624,2021.10.25,1745.0,30.0,1815.0,1815.0,1725.0,335866.0,624.0,624.0,620.0,620.0,620.0,612.0
625,2021.10.22,1775.0,15.0,1790.0,1800.0,1750.0,324652.0,625.0,625.0,621.0,621.0,621.0,613.0
626,2021.10.21,1790.0,55.0,1860.0,1860.0,1780.0,497328.0,626.0,626.0,622.0,622.0,622.0,614.0
627,2021.10.20,1845.0,30.0,1825.0,1860.0,1820.0,368439.0,627.0,627.0,623.0,623.0,623.0,615.0
628,2021.10.19,1815.0,5.0,1810.0,1860.0,1810.0,400475.0,628.0,628.0,624.0,624.0,624.0,616.0
629,2021.10.18,1810.0,0.0,1810.0,1845.0,1780.0,310171.0,629.0,629.0,625.0,625.0,625.0,617.0
630,2021.10.15,1810.0,10.0,1810.0,1830.0,1780.0,305516.0,630.0,630.0,626.0,626.0,626.0,618.0
631,2021.10.14,1800.0,75.0,1725.0,1830.0,1725.0,680856.0,631.0,631.0,627.0,627.0,627.0,619.0
632,2021.10.13,1725.0,25.0,1700.0,1745.0,1680.0,275113.0,632.0,632.0,628.0,628.0,628.0,620.0
633,2021.10.12,1700.0,50.0,1750.0,1770.0,1680.0,391590.0,633.0,633.0,629.0,629.0,629.0,621.0
634,2021.10.08,1750.0,5.0,1745.0,1770.0,1715.0,491867.0,634.0,634.0,630.0,630.0,630.0,622.0
635,2021.10.07,1745.0,80.0,1645.0,1760.0,1645.0,485599.0,635.0,635.0,631.0,631.0,631.0,623.0
636,2021.10.06,1665.0,95.0,1760.0,1795.0,1615.0,1499971.0,636.0,636.0,632.0,632.0,632.0,624.0
637,2021.10.05,1760.0,150.0,1875.0,1880.0,1755.0,1575185.0,637.0,637.0,633.0,633.0,633.0,625.0
638,2021.10.01,1910.0,115.0,2065.0,2070.0,1895.0,2537370.0,638.0,638.0,634.0,634.0,634.0,626.0
639,2021.09.30,2025.0,180.0,1860.0,2315.0,1835.0,17958289.0,639.0,639.0,635.0,635.0,635.0,627.0
640,2021.09.29,1845.0,45.0,1815.0,1905.0,1815.0,1091583.0,640.0,640.0,636.0,636.0,636.0,628.0
641,2021.09.28,1890.0,115.0,2005.0,2020.0,1890.0,1550319.0,641.0,641.0,637.0,637.0,637.0,629.0
642,2021.09.27,2005.0,60.0,2050.0,2065.0,2005.0,902919.0,642.0,642.0,638.0,638.0,638.0,630.0
643,2021.09.24,2065.0,65.0,2050.0,2205.0,2040.0,5647502.0,643.0,643.0,639.0,639.0,639.0,631.0
644,2021.09.23,2000.0,25.0,1995.0,2020.0,1950.0,1126321.0,644.0,644.0,640.0,640.0,640.0,632.0
645,2021.09.17,2025.0,20.0,2010.0,2035.0,1965.0,803598.0,645.0,645.0,641.0,641.0,641.0,633.0
646,2021.09.16,2005.0,0.0,2030.0,2070.0,2000.0,2141816.0,646.0,646.0,642.0,642.0,642.0,634.0
647,2021.09.15,2005.0,140.0,2095.0,2105.0,2000.0,2290641.0,647.0,647.0,643.0,643.0,643.0,635.0
648,2021.09.14,2145.0,10.0,2105.0,2185.0,2085.0,490128.0,648.0,648.0,644.0,644.0,644.0,636.0
649,2021.09.13,2135.0,130.0,2245.0,2245.0,2100.0,1000473.0,649.0,649.0,645.0,645.0,645.0,637.0
650,2021.09.10,2265.0,55.0,2300.0,2310.0,2260.0,330317.0,650.0,650.0,646.0,646.0,646.0,638.0
651,2021.09.09,2320.0,55.0,2355.0,2375.0,2315.0,322034.0,651.0,651.0,647.0,647.0,647.0,639.0
652,2021.09.08,2375.0,50.0,2435.0,2445.0,2370.0,423852.0,652.0,652.0,648.0,648.0,648.0,640.0
653,2021.09.07,2425.0,30.0,2455.0,2465.0,2385.0,509472.0,653.0,653.0,649.0,649.0,649.0,641.0
654,2021.09.06,2455.0,25.0,2480.0,2500.0,2440.0,230428.0,654.0,654.0,650.0,650.0,650.0,642.0
655,2021.09.03,2480.0,50.0,2430.0,2630.0,2430.0,794183.0,655.0,655.0,651.0,651.0,651.0,643.0
656,2021.09.02,2430.0,65.0,2505.0,2525.0,2430.0,287628.0,656.0,656.0,652.0,652.0,652.0,644.0
657,2021.09.01,2495.0,20.0,2475.0,2560.0,2465.0,539215.0,657.0,657.0,653.0,653.0,653.0,645.0
658,2021.08.31,2475.0,50.0,2455.0,2525.0,2395.0,662048.0,658.0,658.0,654.0,654.0,654.0,646.0
659,2021.08.30,2425.0,0.0,2425.0,2475.0,2415.0,398960.0,659.0,659.0,655.0,655.0,655.0,647.0
660,2021.08.27,2425.0,10.0,2450.0,2450.0,2320.0,522922.0,660.0,660.0,656.0,656.0,656.0,648.0
661,2021.08.26,2435.0,80.0,2550.0,2555.0,2410.0,654311.0,661.0,661.0,657.0,657.0,657.0,649.0
662,2021.08.25,2515.0,40.0,2700.0,2900.0,2450.0,2446043.0,662.0,662.0,658.0,658.0,658.0,650.0
663,2021.08.24,4950.0,180.0,4780.0,5000.0,4780.0,1089950.0,663.0,663.0,659.0,659.0,659.0,651.0
664,2021.08.23,4770.0,30.0,4850.0,4910.0,4700.0,568608.0,664.0,664.0,660.0,660.0,660.0,652.0
665,2021.08.20,4800.0,270.0,5080.0,5200.0,4740.0,1295094.0,665.0,665.0,661.0,661.0,661.0,653.0
666,2021.08.19,5070.0,110.0,5130.0,5640.0,5050.0,2332256.0,666.0,666.0,662.0,662.0,662.0,654.0
667,2021.08.18,5180.0,120.0,5060.0,5210.0,5020.0,828863.0,667.0,667.0,663.0,663.0,663.0,655.0
668,2021.08.17,5060.0,120.0,5180.0,5220.0,5030.0,919801.0,668.0,668.0,664.0,664.0,664.0,656.0
669,2021.08.13,5180.0,50.0,5080.0,5220.0,4995.0,758375.0,669.0,669.0,665.0,665.0,665.0,657.0
670,2021.08.12,5130.0,20.0,5150.0,5200.0,5070.0,784675.0,670.0,670.0,666.0,666.0,666.0,658.0
671,2021.08.11,5150.0,140.0,5300.0,5340.0,5150.0,805744.0,671.0,671.0,667.0,667.0,667.0,659.0
672,2021.08.10,5290.0,240.0,5210.0,5290.0,5070.0,1850915.0,672.0,672.0,668.0,668.0,668.0,660.0
673,2021.08.09,5050.0,240.0,5300.0,5460.0,5020.0,4117369.0,673.0,673.0,669.0,669.0,669.0,661.0
674,2021.08.06,5290.0,240.0,5140.0,5320.0,4990.0,1260095.0,674.0,674.0,670.0,670.0,670.0,662.0
675,2021.08.05,5050.0,140.0,4990.0,5330.0,4960.0,2771658.0,675.0,675.0,671.0,671.0,671.0,663.0
676,2021.08.04,4910.0,150.0,5030.0,5080.0,4880.0,683652.0,676.0,676.0,672.0,672.0,672.0,664.0
677,2021.08.03,5060.0,120.0,5150.0,5240.0,5010.0,646991.0,677.0,677.0,673.0,673.0,673.0,665.0
678,2021.08.02,5180.0,20.0,5280.0,5350.0,5130.0,552782.0,678.0,678.0,674.0,674.0,674.0,666.0
679,2021.07.30,5200.0,30.0,5200.0,5270.0,5110.0,348461.0,679.0,679.0,675.0,675.0,675.0,667.0
680,2021.07.29,5230.0,120.0,5150.0,5290.0,5110.0,520682.0,680.0,680.0,676.0,676.0,676.0,668.0
681,2021.07.28,5110.0,110.0,5150.0,5230.0,4980.0,1114238.0,681.0,681.0,677.0,677.0,677.0,669.0
682,2021.07.27,5220.0,460.0,5640.0,5700.0,5190.0,2086494.0,682.0,682.0,678.0,678.0,678.0,670.0
683,2021.07.26,5680.0,370.0,5430.0,5870.0,5330.0,3194450.0,683.0,683.0,679.0,679.0,679.0,671.0
684,2021.07.23,5310.0,30.0,5320.0,5500.0,5250.0,803275.0,684.0,684.0,680.0,680.0,680.0,672.0
685,2021.07.22,5340.0,60.0,5440.0,5780.0,5310.0,2728217.0,685.0,685.0,681.0,681.0,681.0,673.0
686,2021.07.21,5400.0,20.0,5420.0,5590.0,5250.0,1308130.0,686.0,686.0,682.0,682.0,682.0,674.0
687,2021.07.20,5380.0,100.0,5370.0,5580.0,5290.0,601918.0,687.0,687.0,683.0,683.0,683.0,675.0
688,2021.07.19,5480.0,220.0,5710.0,5710.0,5400.0,662392.0,688.0,688.0,684.0,684.0,684.0,676.0
689,2021.07.16,5700.0,10.0,5740.0,5790.0,5610.0,556884.0,689.0,689.0,685.0,685.0,685.0,677.0
690,2021.07.15,5710.0,170.0,5880.0,5960.0,5710.0,737477.0,690.0,690.0,686.0,686.0,686.0,678.0
691,2021.07.14,5880.0,260.0,5600.0,5980.0,5580.0,1004115.0,691.0,691.0,687.0,687.0,687.0,679.0
692,2021.07.13,5620.0,60.0,5580.0,5840.0,5540.0,576177.0,692.0,692.0,688.0,688.0,688.0,680.0
693,2021.07.12,5560.0,30.0,5550.0,5580.0,5400.0,476532.0,693.0,693.0,689.0,689.0,689.0,681.0
694,2021.07.09,5530.0,20.0,5440.0,5550.0,5250.0,755579.0,694.0,694.0,690.0,690.0,690.0,682.0
695,2021.07.08,5550.0,310.0,5850.0,5850.0,5540.0,715422.0,695.0,695.0,691.0,691.0,691.0,683.0
696,2021.07.07,5860.0,110.0,5980.0,6020.0,5710.0,494409.0,696.0,696.0,692.0,692.0,692.0,684.0
697,2021.07.06,5970.0,50.0,5940.0,6150.0,5910.0,858062.0,697.0,697.0,693.0,693.0,693.0,685.0
698,2021.07.05,5920.0,70.0,5930.0,6050.0,5870.0,866028.0,698.0,698.0,694.0,694.0,694.0,686.0
699,2021.07.02,5850.0,90.0,5790.0,6070.0,5680.0,1286656.0,699.0,699.0,695.0,695.0,695.0,687.0
700,2021.07.01,5760.0,210.0,5970.0,6040.0,5600.0,1058991.0,700.0,700.0,696.0,696.0,696.0,688.0
701,2021.06.30,5970.0,80.0,5930.0,5990.0,5530.0,2258879.0,701.0,701.0,697.0,697.0,697.0,689.0
702,2021.06.29,6050.0,0.0,6060.0,6160.0,5930.0,1548229.0,702.0,702.0,698.0,698.0,698.0,690.0
703,2021.06.28,6050.0,460.0,5720.0,6280.0,5690.0,4885936.0,703.0,703.0,699.0,699.0,699.0,691.0
704,2021.06.25,5590.0,230.0,5360.0,5590.0,5330.0,911366.0,704.0,704.0,700.0,700.0,700.0,692.0
705,2021.06.24,5360.0,80.0,5440.0,5550.0,5300.0,637184.0,705.0,705.0,701.0,701.0,701.0,693.0
706,2021.06.23,5440.0,0.0,5490.0,5660.0,5320.0,1316891.0,706.0,706.0,702.0,702.0,702.0,694.0
707,2021.06.22,5440.0,160.0,5330.0,5530.0,5160.0,916153.0,707.0,707.0,703.0,703.0,703.0,695.0
708,2021.06.21,5280.0,200.0,5130.0,5300.0,5020.0,821666.0,708.0,708.0,704.0,704.0,704.0,696.0
709,2021.06.18,5080.0,30.0,5090.0,5170.0,5040.0,327100.0,709.0,709.0,705.0,705.0,705.0,697.0
710,2021.06.17,5050.0,20.0,5070.0,5150.0,4985.0,421703.0,710.0,710.0,706.0,706.0,706.0,698.0
711,2021.06.16,5070.0,90.0,5160.0,5250.0,5010.0,727650.0,711.0,711.0,707.0,707.0,707.0,699.0
712,2021.06.15,5160.0,20.0,5140.0,5170.0,5040.0,413079.0,712.0,712.0,708.0,708.0,708.0,700.0
713,2021.06.14,5140.0,235.0,4910.0,5150.0,4910.0,1084495.0,713.0,713.0,709.0,709.0,709.0,701.0
714,2021.06.11,4905.0,60.0,4925.0,5010.0,4880.0,210752.0,714.0,714.0,710.0,710.0,710.0,702.0
715,2021.06.10,4965.0,65.0,4900.0,4995.0,4850.0,245330.0,715.0,715.0,711.0,711.0,711.0,703.0
716,2021.06.09,4900.0,30.0,4825.0,4980.0,4700.0,313422.0,716.0,716.0,712.0,712.0,712.0,704.0
717,2021.06.08,4870.0,10.0,4830.0,4885.0,4785.0,241031.0,717.0,717.0,713.0,713.0,713.0,705.0
718,2021.06.07,4880.0,50.0,4935.0,5000.0,4880.0,305756.0,718.0,718.0,714.0,714.0,714.0,706.0
719,2021.06.04,4930.0,20.0,4950.0,4955.0,4840.0,396866.0,719.0,719.0,715.0,715.0,715.0,707.0
720,2021.06.03,4950.0,110.0,5020.0,5050.0,4885.0,654028.0,720.0,720.0,716.0,716.0,716.0,708.0
721,2021.06.02,5060.0,120.0,5180.0,5180.0,4890.0,674698.0,721.0,721.0,717.0,717.0,717.0,709.0
722,2021.06.01,5180.0,30.0,5200.0,5330.0,5140.0,599293.0,722.0,722.0,718.0,718.0,718.0,710.0
723,2021.05.31,5210.0,110.0,5160.0,5300.0,5120.0,863031.0,723.0,723.0,719.0,719.0,719.0,711.0
724,2021.05.28,5100.0,90.0,5060.0,5660.0,4970.0,10717858.0,724.0,724.0,720.0,720.0,720.0,712.0
725,2021.05.27,5010.0,310.0,4800.0,5030.0,4800.0,557900.0,725.0,725.0,721.0,721.0,721.0,713.0
726,2021.05.26,4700.0,10.0,4710.0,4785.0,4470.0,430990.0,726.0,726.0,722.0,722.0,722.0,714.0
727,2021.05.25,4710.0,40.0,4670.0,4870.0,4670.0,174769.0,727.0,727.0,723.0,723.0,723.0,715.0
728,2021.05.24,4670.0,250.0,4855.0,4905.0,4605.0,295050.0,728.0,728.0,724.0,724.0,724.0,716.0
729,2021.05.21,4920.0,200.0,5110.0,5110.0,4870.0,338898.0,729.0,729.0,725.0,725.0,725.0,717.0
730,2021.05.20,5120.0,70.0,5050.0,5300.0,5030.0,277638.0,730.0,730.0,726.0,726.0,726.0,718.0
731,2021.05.18,5050.0,190.0,4860.0,5200.0,4760.0,543614.0,731.0,731.0,727.0,727.0,727.0,719.0
732,2021.05.17,4860.0,440.0,4870.0,5080.0,4805.0,844511.0,732.0,732.0,728.0,728.0,728.0,720.0
733,2021.05.14,5300.0,120.0,5420.0,5460.0,5260.0,167926.0,733.0,733.0,729.0,729.0,729.0,721.0
734,2021.05.13,5420.0,130.0,5500.0,5530.0,5250.0,301546.0,734.0,734.0,730.0,730.0,730.0,722.0
735,2021.05.12,5550.0,360.0,5100.0,5590.0,5100.0,658983.0,735.0,735.0,731.0,731.0,731.0,723.0
736,2021.05.11,5190.0,10.0,5200.0,5200.0,4995.0,344132.0,736.0,736.0,732.0,732.0,732.0,724.0
737,2021.05.10,5200.0,210.0,5330.0,5420.0,5050.0,607195.0,737.0,737.0,733.0,733.0,733.0,725.0
738,2021.05.07,5410.0,0.0,5410.0,5550.0,5380.0,309569.0,738.0,738.0,734.0,734.0,734.0,726.0
739,2021.05.06,5410.0,40.0,5370.0,5530.0,5370.0,305211.0,739.0,739.0,735.0,735.0,735.0,727.0
740,2021.05.04,5370.0,0.0,5370.0,5480.0,5230.0,281818.0,740.0,740.0,736.0,736.0,736.0,728.0
741,2021.05.03,5370.0,240.0,5610.0,5690.0,5220.0,363588.0,741.0,741.0,737.0,737.0,737.0,729.0
742,2021.04.30,5610.0,120.0,5750.0,5780.0,5560.0,508642.0,742.0,742.0,738.0,738.0,738.0,730.0
743,2021.04.29,5730.0,210.0,5520.0,5850.0,5520.0,865992.0,743.0,743.0,739.0,739.0,739.0,731.0
744,2021.04.28,5520.0,120.0,5390.0,5600.0,5390.0,441334.0,744.0,744.0,740.0,740.0,740.0,732.0
745,2021.04.27,5400.0,120.0,5520.0,5520.0,5250.0,474422.0,745.0,745.0,741.0,741.0,741.0,733.0
746,2021.04.26,5520.0,260.0,5810.0,5950.0,5430.0,670828.0,746.0,746.0,742.0,742.0,742.0,734.0
747,2021.04.23,5780.0,310.0,5530.0,5870.0,5480.0,943270.0,747.0,747.0,743.0,743.0,743.0,735.0
748,2021.04.22,5470.0,140.0,5620.0,5620.0,5340.0,464964.0,748.0,748.0,744.0,744.0,744.0,736.0
749,2021.04.21,5610.0,310.0,5350.0,5800.0,5340.0,1164839.0,749.0,749.0,745.0,745.0,745.0,737.0
750,2021.04.20,5300.0,700.0,6080.0,6080.0,5300.0,1196990.0,750.0,750.0,746.0,746.0,746.0,738.0
751,2021.04.19,6000.0,120.0,5900.0,6090.0,5800.0,839343.0,751.0,751.0,747.0,747.0,747.0,739.0
752,2021.04.16,5880.0,460.0,5510.0,5950.0,5350.0,1429173.0,752.0,752.0,748.0,748.0,748.0,740.0
753,2021.04.15,5420.0,290.0,5100.0,5460.0,5100.0,539823.0,753.0,753.0,749.0,749.0,749.0,741.0
754,2021.04.14,5130.0,0.0,5140.0,5200.0,5090.0,118776.0,754.0,754.0,750.0,750.0,750.0,742.0
755,2021.04.13,5130.0,40.0,5160.0,5230.0,5090.0,168681.0,755.0,755.0,751.0,751.0,751.0,743.0
756,2021.04.12,5170.0,100.0,5260.0,5330.0,5110.0,249569.0,756.0,756.0,752.0,752.0,752.0,744.0
757,2021.04.09,5270.0,140.0,5190.0,5300.0,5130.0,374613.0,757.0,757.0,753.0,753.0,753.0,745.0
758,2021.04.08,5130.0,30.0,5130.0,5250.0,5040.0,287079.0,758.0,758.0,754.0,754.0,754.0,746.0
759,2021.04.07,5100.0,170.0,4930.0,5100.0,4915.0,328622.0,759.0,759.0,755.0,755.0,755.0,747.0
760,2021.04.06,4930.0,165.0,4765.0,5000.0,4765.0,388816.0,760.0,760.0,756.0,756.0,756.0,748.0
761,2021.04.05,4765.0,45.0,4720.0,4775.0,4700.0,125411.0,761.0,761.0,757.0,757.0,757.0,749.0
762,2021.04.02,4720.0,50.0,4635.0,4720.0,4635.0,67040.0,762.0,762.0,758.0,758.0,758.0,750.0
763,2021.04.01,4670.0,10.0,4655.0,4670.0,4575.0,63317.0,763.0,763.0,759.0,759.0,759.0,751.0
764,2021.03.31,4660.0,0.0,4630.0,4735.0,4600.0,109624.0,764.0,764.0,760.0,760.0,760.0,752.0
765,2021.03.30,4660.0,50.0,4630.0,4745.0,4625.0,105938.0,765.0,765.0,761.0,761.0,761.0,753.0
766,2021.03.29,4710.0,240.0,4470.0,4750.0,4470.0,315985.0,766.0,766.0,762.0,762.0,762.0,754.0
767,2021.03.26,4470.0,50.0,4520.0,4520.0,4425.0,150054.0,767.0,767.0,763.0,763.0,763.0,755.0
768,2021.03.25,4520.0,40.0,4450.0,4560.0,4435.0,118013.0,768.0,768.0,764.0,764.0,764.0,756.0
769,2021.03.24,4560.0,0.0,4560.0,4665.0,4470.0,91597.0,769.0,769.0,765.0,765.0,765.0,757.0
770,2021.03.23,4560.0,30.0,4575.0,4615.0,4370.0,280852.0,770.0,770.0,766.0,766.0,766.0,758.0
771,2021.03.22,4590.0,10.0,4610.0,4695.0,4550.0,89199.0,771.0,771.0,767.0,767.0,767.0,759.0
772,2021.03.19,4600.0,0.0,4590.0,4605.0,4550.0,49554.0,772.0,772.0,768.0,768.0,768.0,760.0
773,2021.03.18,4600.0,15.0,4585.0,4620.0,4545.0,111061.0,773.0,773.0,769.0,769.0,769.0,761.0
774,2021.03.17,4585.0,50.0,4630.0,4690.0,4550.0,88823.0,774.0,774.0,770.0,770.0,770.0,762.0
775,2021.03.16,4635.0,35.0,4670.0,4670.0,4575.0,73694.0,775.0,775.0,771.0,771.0,771.0,763.0
776,2021.03.15,4670.0,50.0,4620.0,4800.0,4605.0,61364.0,776.0,776.0,772.0,772.0,772.0,764.0
777,2021.03.12,4620.0,100.0,4610.0,4675.0,4530.0,65300.0,777.0,777.0,773.0,773.0,773.0,765.0
778,2021.03.11,4520.0,0.0,4620.0,4620.0,4505.0,56012.0,778.0,778.0,774.0,774.0,774.0,766.0
779,2021.03.10,4520.0,15.0,4520.0,4645.0,4450.0,38061.0,779.0,779.0,775.0,775.0,775.0,767.0
780,2021.03.09,4535.0,70.0,4605.0,4640.0,4490.0,72140.0,780.0,780.0,776.0,776.0,776.0,768.0
781,2021.03.08,4605.0,15.0,4620.0,4695.0,4560.0,43478.0,781.0,781.0,777.0,777.0,777.0,769.0
782,2021.03.05,4590.0,10.0,4540.0,4640.0,4495.0,63354.0,782.0,782.0,778.0,778.0,778.0,770.0
783,2021.03.04,4580.0,20.0,4560.0,4735.0,4500.0,79422.0,783.0,783.0,779.0,779.0,779.0,771.0
784,2021.03.03,4560.0,120.0,4435.0,4560.0,4435.0,42863.0,784.0,784.0,780.0,780.0,780.0,772.0
785,2021.03.02,4440.0,60.0,4510.0,4570.0,4440.0,73432.0,785.0,785.0,781.0,781.0,781.0,773.0
786,2021.02.26,4500.0,115.0,4580.0,4580.0,4440.0,160105.0,786.0,786.0,782.0,782.0,782.0,774.0
787,2021.02.25,4615.0,15.0,4660.0,4770.0,4600.0,91630.0,787.0,787.0,783.0,783.0,783.0,775.0
788,2021.02.24,4630.0,175.0,4840.0,4840.0,4615.0,198203.0,788.0,788.0,784.0,784.0,784.0,776.0
789,2021.02.23,4805.0,100.0,4800.0,4915.0,4800.0,179512.0,789.0,789.0,785.0,785.0,785.0,777.0
790,2021.02.22,4905.0,195.0,5130.0,5130.0,4890.0,293587.0,790.0,790.0,786.0,786.0,786.0,778.0
791,2021.02.19,5100.0,105.0,4955.0,5150.0,4950.0,223357.0,791.0,791.0,787.0,787.0,787.0,779.0
792,2021.02.18,4995.0,115.0,4980.0,5060.0,4885.0,393458.0,792.0,792.0,788.0,788.0,788.0,780.0
793,2021.02.17,4880.0,65.0,4830.0,4880.0,4750.0,245424.0,793.0,793.0,789.0,789.0,789.0,781.0
794,2021.02.16,4815.0,35.0,4810.0,4890.0,4805.0,86372.0,794.0,794.0,790.0,790.0,790.0,782.0
795,2021.02.15,4850.0,180.0,4670.0,4850.0,4640.0,171442.0,795.0,795.0,791.0,791.0,791.0,783.0
796,2021.02.10,4670.0,20.0,4655.0,4715.0,4580.0,123788.0,796.0,796.0,792.0,792.0,792.0,784.0
797,2021.02.09,4650.0,5.0,4620.0,4735.0,4620.0,77139.0,797.0,797.0,793.0,793.0,793.0,785.0
798,2021.02.08,4655.0,35.0,4690.0,4720.0,4605.0,114416.0,798.0,798.0,794.0,794.0,794.0,786.0
799,2021.02.05,4690.0,25.0,4680.0,4730.0,4660.0,54946.0,799.0,799.0,795.0,795.0,795.0,787.0
800,2021.02.04,4715.0,10.0,4725.0,4755.0,4590.0,95919.0,800.0,800.0,796.0,796.0,796.0,788.0
801,2021.02.03,4725.0,45.0,4780.0,4855.0,4700.0,85855.0,801.0,801.0,797.0,797.0,797.0,789.0
802,2021.02.02,4770.0,5.0,4840.0,4870.0,4695.0,85060.0,802.0,802.0,798.0,798.0,798.0,790.0
803,2021.02.01,4765.0,265.0,4410.0,4775.0,4365.0,183086.0,803.0,803.0,799.0,799.0,799.0,791.0
804,2021.01.29,4500.0,245.0,4845.0,4845.0,4500.0,300539.0,804.0,804.0,800.0,800.0,800.0,792.0
805,2021.01.28,4745.0,255.0,4835.0,4970.0,4740.0,322695.0,805.0,805.0,801.0,801.0,801.0,793.0
806,2021.01.27,5000.0,45.0,4955.0,5030.0,4895.0,239310.0,806.0,806.0,802.0,802.0,802.0,794.0
807,2021.01.26,4955.0,30.0,4930.0,5140.0,4800.0,775009.0,807.0,807.0,803.0,803.0,803.0,795.0
808,2021.01.25,4925.0,175.0,4750.0,4930.0,4690.0,239363.0,808.0,808.0,804.0,804.0,804.0,796.0
809,2021.01.22,4750.0,15.0,4765.0,4910.0,4700.0,316317.0,809.0,809.0,805.0,805.0,805.0,797.0
810,2021.01.21,4765.0,45.0,4825.0,4860.0,4725.0,146706.0,810.0,810.0,806.0,806.0,806.0,798.0
811,2021.01.20,4810.0,60.0,4805.0,4875.0,4770.0,177879.0,811.0,811.0,807.0,807.0,807.0,799.0
812,2021.01.19,4750.0,150.0,4825.0,4890.0,4705.0,491015.0,812.0,812.0,808.0,808.0,808.0,800.0
813,2021.01.18,4900.0,60.0,5000.0,5060.0,4890.0,284290.0,813.0,813.0,809.0,809.0,809.0,801.0
814,2021.01.15,4960.0,70.0,5030.0,5040.0,4960.0,190001.0,814.0,814.0,810.0,810.0,810.0,802.0
815,2021.01.14,5030.0,10.0,5000.0,5040.0,4955.0,177356.0,815.0,815.0,811.0,811.0,811.0,803.0
816,2021.01.13,5020.0,60.0,4935.0,5060.0,4925.0,382851.0,816.0,816.0,812.0,812.0,812.0,804.0
817,2021.01.12,4960.0,220.0,5200.0,5210.0,4950.0,752525.0,817.0,817.0,813.0,813.0,813.0,805.0
818,2021.01.11,5180.0,220.0,5140.0,5250.0,5010.0,1968699.0,818.0,818.0,814.0,814.0,814.0,806.0
819,2021.01.08,4960.0,40.0,5030.0,5080.0,4940.0,365839.0,819.0,819.0,815.0,815.0,815.0,807.0
820,2021.01.07,5000.0,0.0,5010.0,5090.0,4915.0,407358.0,820.0,820.0,816.0,816.0,816.0,808.0
821,2021.01.06,5000.0,70.0,5180.0,5180.0,4920.0,427347.0,821.0,821.0,817.0,817.0,817.0,809.0
822,2021.01.05,5070.0,210.0,4860.0,5070.0,4685.0,843800.0,822.0,822.0,818.0,818.0,818.0,810.0
823,2021.01.04,4860.0,210.0,4995.0,5050.0,4845.0,661092.0,823.0,823.0,819.0,819.0,819.0,811.0
824,2020.12.30,5070.0,10.0,5070.0,5110.0,4955.0,639930.0,824.0,824.0,820.0,820.0,820.0,812.0
825,2020.12.29,5060.0,115.0,4900.0,5200.0,4650.0,1494427.0,825.0,825.0,821.0,821.0,821.0,813.0
826,2020.12.28,4945.0,615.0,5730.0,6600.0,4900.0,8475799.0,826.0,826.0,822.0,822.0,822.0,814.0
827,2020.12.24,5560.0,480.0,5110.0,5590.0,5110.0,1203665.0,827.0,827.0,823.0,823.0,823.0,815.0
828,2020.12.23,5080.0,175.0,4950.0,5490.0,4690.0,773110.0,828.0,828.0,824.0,824.0,824.0,816.0
829,2020.12.22,4905.0,475.0,5410.0,5410.0,4900.0,766665.0,829.0,829.0,825.0,825.0,825.0,817.0
830,2020.12.21,5380.0,320.0,5770.0,5780.0,5250.0,397123.0,830.0,830.0,826.0,826.0,826.0,818.0
831,2020.12.18,5700.0,90.0,5610.0,5740.0,5550.0,367582.0,831.0,831.0,827.0,827.0,827.0,819.0
832,2020.12.17,5610.0,290.0,5950.0,5990.0,5590.0,516590.0,832.0,832.0,828.0,828.0,828.0,820.0
833,2020.12.16,5900.0,120.0,5810.0,6100.0,5700.0,994086.0,833.0,833.0,829.0,829.0,829.0,821.0
834,2020.12.15,5780.0,490.0,5300.0,5780.0,5250.0,919779.0,834.0,834.0,830.0,830.0,830.0,822.0
835,2020.12.14,5290.0,40.0,5250.0,5340.0,5190.0,244345.0,835.0,835.0,831.0,831.0,831.0,823.0
836,2020.12.11,5250.0,140.0,5390.0,5430.0,5200.0,198405.0,836.0,836.0,832.0,832.0,832.0,824.0
837,2020.12.10,5390.0,100.0,5510.0,5510.0,5310.0,193193.0,837.0,837.0,833.0,833.0,833.0,825.0
838,2020.12.09,5490.0,160.0,5450.0,5550.0,5280.0,353376.0,838.0,838.0,834.0,834.0,834.0,826.0
839,2020.12.08,5330.0,80.0,5410.0,5550.0,5320.0,530154.0,839.0,839.0,835.0,835.0,835.0,827.0
840,2020.12.07,5410.0,150.0,5260.0,5470.0,5200.0,428139.0,840.0,840.0,836.0,836.0,836.0,828.0
841,2020.12.04,5260.0,10.0,5270.0,5380.0,5150.0,297792.0,841.0,841.0,837.0,837.0,837.0,829.0
842,2020.12.03,5270.0,180.0,5100.0,5370.0,5010.0,758321.0,842.0,842.0,838.0,838.0,838.0,830.0
843,2020.12.02,5090.0,195.0,4900.0,5140.0,4895.0,542575.0,843.0,843.0,839.0,839.0,839.0,831.0
844,2020.12.01,4895.0,90.0,4805.0,4945.0,4805.0,266531.0,844.0,844.0,840.0,840.0,840.0,832.0
845,2020.11.30,4805.0,205.0,4565.0,5020.0,4560.0,488779.0,845.0,845.0,841.0,841.0,841.0,833.0
846,2020.11.27,4600.0,110.0,4630.0,4700.0,4590.0,149115.0,846.0,846.0,842.0,842.0,842.0,834.0
847,2020.11.26,4710.0,5.0,4735.0,4785.0,4650.0,123030.0,847.0,847.0,843.0,843.0,843.0,835.0
848,2020.11.25,4705.0,210.0,4960.0,4980.0,4670.0,212375.0,848.0,848.0,844.0,844.0,844.0,836.0
849,2020.11.24,4915.0,25.0,4890.0,5000.0,4775.0,298364.0,849.0,849.0,845.0,845.0,845.0,837.0
850,2020.11.23,4890.0,450.0,4410.0,4900.0,4410.0,677906.0,850.0,850.0,846.0,846.0,846.0,838.0
851,2020.11.20,4440.0,105.0,4320.0,4495.0,4320.0,172418.0,851.0,851.0,847.0,847.0,847.0,839.0
852,2020.11.19,4335.0,25.0,4315.0,4370.0,4285.0,73090.0,852.0,852.0,848.0,848.0,848.0,840.0
853,2020.11.18,4310.0,30.0,4400.0,4400.0,4295.0,90249.0,853.0,853.0,849.0,849.0,849.0,841.0
854,2020.11.17,4340.0,10.0,4475.0,4475.0,4280.0,72357.0,854.0,854.0,850.0,850.0,850.0,842.0
855,2020.11.16,4350.0,110.0,4250.0,4365.0,4220.0,123656.0,855.0,855.0,851.0,851.0,851.0,843.0
856,2020.11.13,4240.0,5.0,4170.0,4280.0,4170.0,94820.0,856.0,856.0,852.0,852.0,852.0,844.0
857,2020.11.12,4235.0,50.0,4275.0,4320.0,4200.0,132579.0,857.0,857.0,853.0,853.0,853.0,845.0
858,2020.11.11,4285.0,55.0,4340.0,4385.0,4265.0,171068.0,858.0,858.0,854.0,854.0,854.0,846.0
859,2020.11.10,4340.0,105.0,4475.0,4475.0,4320.0,169669.0,859.0,859.0,855.0,855.0,855.0,847.0
860,2020.11.09,4445.0,65.0,4490.0,4675.0,4385.0,387744.0,860.0,860.0,856.0,856.0,856.0,848.0
861,2020.11.06,4380.0,20.0,4470.0,4470.0,4310.0,508487.0,861.0,861.0,857.0,857.0,857.0,849.0
862,2020.11.05,4400.0,90.0,4350.0,4500.0,4250.0,216077.0,862.0,862.0,858.0,858.0,858.0,850.0
863,2020.11.04,4310.0,120.0,4430.0,4440.0,4280.0,275280.0,863.0,863.0,859.0,859.0,859.0,851.0
864,2020.11.03,4430.0,35.0,4450.0,4520.0,4400.0,193999.0,864.0,864.0,860.0,860.0,860.0,852.0
865,2020.11.02,4465.0,170.0,4635.0,4635.0,4425.0,160259.0,865.0,865.0,861.0,861.0,861.0,853.0
866,2020.10.30,4635.0,145.0,4785.0,4820.0,4570.0,148975.0,866.0,866.0,862.0,862.0,862.0,854.0
867,2020.10.29,4780.0,130.0,4850.0,4980.0,4735.0,180823.0,867.0,867.0,863.0,863.0,863.0,855.0
868,2020.10.28,4910.0,25.0,4925.0,5000.0,4870.0,111816.0,868.0,868.0,864.0,864.0,864.0,856.0
869,2020.10.27,4935.0,75.0,5010.0,5010.0,4830.0,213180.0,869.0,869.0,865.0,865.0,865.0,857.0
870,2020.10.26,5010.0,290.0,5390.0,5390.0,4970.0,308773.0,870.0,870.0,866.0,866.0,866.0,858.0
871,2020.10.23,5300.0,20.0,5280.0,5570.0,5260.0,328820.0,871.0,871.0,867.0,867.0,867.0,859.0
872,2020.10.22,5280.0,10.0,5300.0,5550.0,5250.0,637090.0,872.0,872.0,868.0,868.0,868.0,860.0
873,2020.10.21,5270.0,60.0,5260.0,5270.0,5110.0,102813.0,873.0,873.0,869.0,869.0,869.0,861.0
874,2020.10.20,5210.0,60.0,5090.0,5210.0,5020.0,146993.0,874.0,874.0,870.0,870.0,870.0,862.0
875,2020.10.19,5150.0,0.0,5140.0,5300.0,5140.0,216848.0,875.0,875.0,871.0,871.0,871.0,863.0
876,2020.10.16,5150.0,100.0,5250.0,5280.0,4945.0,249914.0,876.0,876.0,872.0,872.0,872.0,864.0
877,2020.10.15,5250.0,60.0,5290.0,5350.0,5160.0,268176.0,877.0,877.0,873.0,873.0,873.0,865.0
878,2020.10.14,5310.0,410.0,4935.0,5500.0,4930.0,1614385.0,878.0,878.0,874.0,874.0,874.0,866.0
879,2020.10.13,4900.0,250.0,4650.0,4930.0,4585.0,332912.0,879.0,879.0,875.0,875.0,875.0,867.0
880,2020.10.12,4650.0,5.0,4605.0,4660.0,4520.0,112559.0,880.0,880.0,876.0,876.0,876.0,868.0
881,2020.10.08,4645.0,50.0,4695.0,4695.0,4570.0,232420.0,881.0,881.0,877.0,877.0,877.0,869.0
882,2020.10.07,4595.0,310.0,4285.0,4770.0,4275.0,554599.0,882.0,882.0,878.0,878.0,878.0,870.0
883,2020.10.06,4285.0,5.0,4280.0,4325.0,4240.0,103780.0,883.0,883.0,879.0,879.0,879.0,871.0
884,2020.10.05,4280.0,90.0,4355.0,4370.0,4235.0,122399.0,884.0,884.0,880.0,880.0,880.0,872.0
885,2020.09.29,4370.0,5.0,4365.0,4405.0,4330.0,70166.0,885.0,885.0,881.0,881.0,881.0,873.0
886,2020.09.28,4365.0,50.0,4340.0,4415.0,4315.0,31668.0,886.0,886.0,882.0,882.0,882.0,874.0
887,2020.09.25,4315.0,5.0,4305.0,4385.0,4195.0,165933.0,887.0,887.0,883.0,883.0,883.0,875.0
888,2020.09.24,4310.0,30.0,4290.0,4340.0,4200.0,178765.0,888.0,888.0,884.0,884.0,884.0,876.0
889,2020.09.23,4340.0,35.0,4300.0,4400.0,4225.0,77235.0,889.0,889.0,885.0,885.0,885.0,877.0
890,2020.09.22,4305.0,85.0,4330.0,4405.0,4215.0,133007.0,890.0,890.0,886.0,886.0,886.0,878.0
891,2020.09.21,4390.0,60.0,4450.0,4545.0,4305.0,77159.0,891.0,891.0,887.0,887.0,887.0,879.0
892,2020.09.18,4450.0,35.0,4440.0,4500.0,4435.0,85030.0,892.0,892.0,888.0,888.0,888.0,880.0
893,2020.09.17,4485.0,120.0,4600.0,4600.0,4485.0,117219.0,893.0,893.0,889.0,889.0,889.0,881.0
894,2020.09.16,4605.0,70.0,4695.0,4695.0,4575.0,91673.0,894.0,894.0,890.0,890.0,890.0,882.0
895,2020.09.15,4675.0,25.0,4700.0,4800.0,4650.0,224640.0,895.0,895.0,891.0,891.0,891.0,883.0
896,2020.09.14,4650.0,25.0,4625.0,4665.0,4560.0,215459.0,896.0,896.0,892.0,892.0,892.0,884.0
897,2020.09.11,4625.0,100.0,4715.0,4725.0,4600.0,164627.0,897.0,897.0,893.0,893.0,893.0,885.0
898,2020.09.10,4725.0,10.0,4750.0,4850.0,4650.0,466018.0,898.0,898.0,894.0,894.0,894.0,886.0
899,2020.09.09,4715.0,155.0,4500.0,5840.0,4365.0,2254591.0,899.0,899.0,895.0,895.0,895.0,887.0
900,2020.09.08,4560.0,15.0,4565.0,4715.0,4530.0,142004.0,900.0,900.0,896.0,896.0,896.0,888.0
901,2020.09.07,4575.0,75.0,4500.0,4595.0,4465.0,123323.0,901.0,901.0,897.0,897.0,897.0,889.0
902,2020.09.04,4500.0,95.0,4530.0,4530.0,4410.0,111611.0,902.0,902.0,898.0,898.0,898.0,890.0
903,2020.09.03,4595.0,110.0,4480.0,4645.0,4475.0,152326.0,903.0,903.0,899.0,899.0,899.0,891.0
904,2020.09.02,4485.0,35.0,4520.0,4520.0,4445.0,71702.0,904.0,904.0,900.0,900.0,900.0,892.0
905,2020.09.01,4520.0,100.0,4620.0,4755.0,4470.0,105771.0,905.0,905.0,901.0,901.0,901.0,893.0
906,2020.08.31,4620.0,90.0,4580.0,4740.0,4495.0,113564.0,906.0,906.0,902.0,902.0,902.0,894.0
907,2020.08.28,4530.0,105.0,4450.0,4650.0,4360.0,178872.0,907.0,907.0,903.0,903.0,903.0,895.0
908,2020.08.27,4425.0,75.0,4505.0,4505.0,4370.0,89800.0,908.0,908.0,904.0,904.0,904.0,896.0
909,2020.08.26,4500.0,50.0,4590.0,4650.0,4390.0,119487.0,909.0,909.0,905.0,905.0,905.0,897.0
910,2020.08.25,4550.0,55.0,4455.0,4650.0,4300.0,119699.0,910.0,910.0,906.0,906.0,906.0,898.0
911,2020.08.24,4495.0,85.0,4545.0,4580.0,4265.0,265247.0,911.0,911.0,907.0,907.0,907.0,899.0
912,2020.08.21,4580.0,70.0,4510.0,4645.0,4270.0,215820.0,912.0,912.0,908.0,908.0,908.0,900.0
913,2020.08.20,4510.0,385.0,4940.0,4940.0,4460.0,401351.0,913.0,913.0,909.0,909.0,909.0,901.0
914,2020.08.19,4895.0,40.0,4855.0,5000.0,4855.0,60783.0,914.0,914.0,910.0,910.0,910.0,902.0
915,2020.08.18,4855.0,165.0,5020.0,5070.0,4855.0,190162.0,915.0,915.0,911.0,911.0,911.0,903.0
916,2020.08.14,5020.0,110.0,5110.0,5120.0,4855.0,317539.0,916.0,916.0,912.0,912.0,912.0,904.0
917,2020.08.13,5130.0,330.0,4845.0,5160.0,4830.0,550909.0,917.0,917.0,913.0,913.0,913.0,905.0
918,2020.08.12,4800.0,220.0,5000.0,5040.0,4750.0,271344.0,918.0,918.0,914.0,914.0,914.0,906.0
919,2020.08.11,5020.0,0.0,5100.0,5100.0,4970.0,76233.0,919.0,919.0,915.0,915.0,915.0,907.0
920,2020.08.10,5020.0,110.0,5270.0,5270.0,4920.0,475140.0,920.0,920.0,916.0,916.0,916.0,908.0
921,2020.08.07,5130.0,80.0,5210.0,5240.0,5130.0,110662.0,921.0,921.0,917.0,917.0,917.0,909.0
922,2020.08.06,5210.0,60.0,5220.0,5300.0,5170.0,119238.0,922.0,922.0,918.0,918.0,918.0,910.0
923,2020.08.05,5270.0,20.0,5250.0,5340.0,5170.0,193235.0,923.0,923.0,919.0,919.0,919.0,911.0
924,2020.08.04,5250.0,180.0,5040.0,5250.0,4990.0,228221.0,924.0,924.0,920.0,920.0,920.0,912.0
925,2020.08.03,5070.0,20.0,5110.0,5150.0,4980.0,190333.0,925.0,925.0,921.0,921.0,921.0,913.0
926,2020.07.31,5090.0,225.0,4865.0,5090.0,4790.0,323522.0,926.0,926.0,922.0,922.0,922.0,914.0
927,2020.07.30,4865.0,55.0,5000.0,5000.0,4745.0,317696.0,927.0,927.0,923.0,923.0,923.0,915.0
928,2020.07.29,4810.0,280.0,5090.0,5090.0,4720.0,728210.0,928.0,928.0,924.0,924.0,924.0,916.0
929,2020.07.28,5090.0,110.0,5100.0,5250.0,4980.0,474758.0,929.0,929.0,925.0,925.0,925.0,917.0
930,2020.07.27,5200.0,150.0,5350.0,5350.0,5170.0,326999.0,930.0,930.0,926.0,926.0,926.0,918.0
931,2020.07.24,5350.0,20.0,5350.0,5480.0,5160.0,302949.0,931.0,931.0,927.0,927.0,927.0,919.0
932,2020.07.23,5370.0,50.0,5420.0,5630.0,5350.0,308778.0,932.0,932.0,928.0,928.0,928.0,920.0
933,2020.07.22,5420.0,0.0,5430.0,5490.0,5330.0,194681.0,933.0,933.0,929.0,929.0,929.0,921.0
934,2020.07.21,5420.0,70.0,5510.0,5510.0,5380.0,114244.0,934.0,934.0,930.0,930.0,930.0,922.0
935,2020.07.20,5490.0,30.0,5460.0,5540.0,5440.0,132506.0,935.0,935.0,931.0,931.0,931.0,923.0
936,2020.07.17,5460.0,30.0,5450.0,5600.0,5430.0,83640.0,936.0,936.0,932.0,932.0,932.0,924.0
937,2020.07.16,5430.0,30.0,5410.0,5510.0,5410.0,98804.0,937.0,937.0,933.0,933.0,933.0,925.0
938,2020.07.15,5460.0,100.0,5590.0,5600.0,5410.0,113744.0,938.0,938.0,934.0,934.0,934.0,926.0
939,2020.07.14,5560.0,30.0,5530.0,5630.0,5490.0,136905.0,939.0,939.0,935.0,935.0,935.0,927.0
940,2020.07.13,5530.0,120.0,5650.0,5680.0,5480.0,81746.0,940.0,940.0,936.0,936.0,936.0,928.0
941,2020.07.10,5650.0,160.0,5600.0,5690.0,5470.0,112182.0,941.0,941.0,937.0,937.0,937.0,929.0
942,2020.07.09,5490.0,10.0,5470.0,5640.0,5430.0,247679.0,942.0,942.0,938.0,938.0,938.0,930.0
943,2020.07.08,5500.0,70.0,5400.0,5670.0,5310.0,267164.0,943.0,943.0,939.0,939.0,939.0,931.0
944,2020.07.07,5430.0,460.0,5900.0,5900.0,5400.0,354048.0,944.0,944.0,940.0,940.0,940.0,932.0
945,2020.07.06,5890.0,100.0,6010.0,6020.0,5640.0,183396.0,945.0,945.0,941.0,941.0,941.0,933.0
946,2020.07.03,5990.0,40.0,5990.0,6020.0,5800.0,102637.0,946.0,946.0,942.0,942.0,942.0,934.0
947,2020.07.02,5950.0,80.0,6030.0,6130.0,5840.0,112858.0,947.0,947.0,943.0,943.0,943.0,935.0
948,2020.07.01,6030.0,30.0,6020.0,6100.0,5930.0,179324.0,948.0,948.0,944.0,944.0,944.0,936.0
949,2020.06.30,6000.0,50.0,6150.0,6150.0,5820.0,101067.0,949.0,949.0,945.0,945.0,945.0,937.0
950,2020.06.29,6050.0,0.0,6090.0,6090.0,5800.0,208051.0,950.0,950.0,946.0,946.0,946.0,938.0
951,2020.06.26,6050.0,220.0,6300.0,6340.0,5970.0,272355.0,951.0,951.0,947.0,947.0,947.0,939.0
952,2020.06.25,6270.0,80.0,6190.0,6270.0,5970.0,234332.0,952.0,952.0,948.0,948.0,948.0,940.0
953,2020.06.24,6190.0,120.0,6200.0,6300.0,5950.0,426159.0,953.0,953.0,949.0,949.0,949.0,941.0
954,2020.06.23,6070.0,420.0,6490.0,6600.0,6070.0,417714.0,954.0,954.0,950.0,950.0,950.0,942.0
955,2020.06.22,6490.0,50.0,6500.0,6630.0,6360.0,190058.0,955.0,955.0,951.0,951.0,951.0,943.0
956,2020.06.19,6440.0,380.0,6800.0,6880.0,6200.0,416451.0,956.0,956.0,952.0,952.0,952.0,944.0
957,2020.06.18,6820.0,90.0,6990.0,6990.0,6710.0,96262.0,957.0,957.0,953.0,953.0,953.0,945.0
958,2020.06.17,6910.0,90.0,7000.0,7060.0,6750.0,124157.0,958.0,958.0,954.0,954.0,954.0,946.0
959,2020.06.16,7000.0,110.0,6910.0,7250.0,6900.0,175796.0,959.0,959.0,955.0,955.0,955.0,947.0
960,2020.06.15,6890.0,570.0,7460.0,7460.0,6600.0,441747.0,960.0,960.0,956.0,956.0,956.0,948.0
961,2020.06.12,7460.0,250.0,7260.0,7700.0,6900.0,465358.0,961.0,961.0,957.0,957.0,957.0,949.0
962,2020.06.11,7710.0,440.0,8150.0,8330.0,7420.0,620505.0,962.0,962.0,958.0,958.0,958.0,950.0
963,2020.06.10,8150.0,140.0,8000.0,8390.0,7870.0,292867.0,963.0,963.0,959.0,959.0,959.0,951.0
964,2020.06.09,8010.0,10.0,8100.0,8100.0,7730.0,275741.0,964.0,964.0,960.0,960.0,960.0,952.0
965,2020.06.08,8000.0,250.0,8400.0,8550.0,7870.0,529999.0,965.0,965.0,961.0,961.0,961.0,953.0
966,2020.06.05,8250.0,650.0,7690.0,8250.0,7570.0,867543.0,966.0,966.0,962.0,962.0,962.0,954.0
967,2020.06.04,7600.0,90.0,7550.0,7800.0,7520.0,417810.0,967.0,967.0,963.0,963.0,963.0,955.0
968,2020.06.03,7510.0,40.0,7600.0,7600.0,7450.0,96692.0,968.0,968.0,964.0,964.0,964.0,956.0
969,2020.06.02,7550.0,100.0,7450.0,7550.0,7400.0,86861.0,969.0,969.0,965.0,965.0,965.0,957.0
970,2020.06.01,7450.0,40.0,7700.0,7700.0,7400.0,182388.0,970.0,970.0,966.0,966.0,966.0,958.0
971,2020.05.29,7490.0,130.0,7450.0,7500.0,7030.0,220199.0,971.0,971.0,967.0,967.0,967.0,959.0
972,2020.05.28,7360.0,150.0,7510.0,7560.0,7130.0,170119.0,972.0,972.0,968.0,968.0,968.0,960.0
973,2020.05.27,7510.0,40.0,7750.0,7750.0,7400.0,137562.0,973.0,973.0,969.0,969.0,969.0,961.0
974,2020.05.26,7550.0,50.0,7560.0,7640.0,7450.0,84134.0,974.0,974.0,970.0,970.0,970.0,962.0
975,2020.05.25,7500.0,200.0,7800.0,7880.0,7370.0,269992.0,975.0,975.0,971.0,971.0,971.0,963.0
976,2020.05.22,7700.0,0.0,7890.0,7950.0,7280.0,536968.0,976.0,976.0,972.0,972.0,972.0,964.0
977,2020.05.21,7700.0,490.0,7220.0,7790.0,7220.0,707216.0,977.0,977.0,973.0,973.0,973.0,965.0
978,2020.05.20,7210.0,510.0,6580.0,7270.0,6580.0,604205.0,978.0,978.0,974.0,974.0,974.0,966.0
979,2020.05.19,6700.0,150.0,6490.0,6760.0,6250.0,1516707.0,979.0,979.0,975.0,975.0,975.0,967.0
980,2020.05.18,6550.0,1050.0,6120.0,7100.0,6110.0,2153759.0,980.0,980.0,976.0,976.0,976.0,968.0
981,2020.05.15,5500.0,30.0,5680.0,5820.0,5490.0,1477638.0,981.0,981.0,977.0,977.0,977.0,969.0
982,2020.05.14,5530.0,130.0,5520.0,5670.0,5480.0,689116.0,982.0,982.0,978.0,978.0,978.0,970.0
983,2020.05.13,5400.0,90.0,5450.0,5530.0,5240.0,282371.0,983.0,983.0,979.0,979.0,979.0,971.0
984,2020.05.12,5490.0,10.0,5500.0,5700.0,5470.0,446818.0,984.0,984.0,980.0,980.0,980.0,972.0
985,2020.05.11,5500.0,180.0,5400.0,5740.0,5400.0,735690.0,985.0,985.0,981.0,981.0,981.0,973.0
986,2020.05.08,5320.0,320.0,5180.0,5390.0,5020.0,524405.0,986.0,986.0,982.0,982.0,982.0,974.0
987,2020.05.07,5000.0,0.0,5040.0,5250.0,5000.0,779961.0,987.0,987.0,983.0,983.0,983.0,975.0
988,2020.05.06,5000.0,0.0,5010.0,5080.0,4990.0,404703.0,988.0,988.0,984.0,984.0,984.0,976.0
989,2020.05.04,5000.0,0.0,5000.0,5220.0,4860.0,553255.0,989.0,989.0,985.0,985.0,985.0,977.0
990,2020.04.29,5000.0,255.0,4795.0,5150.0,4735.0,646966.0,990.0,990.0,986.0,986.0,986.0,978.0
991,2020.04.28,4745.0,5.0,4790.0,4845.0,4690.0,40593.0,991.0,991.0,987.0,987.0,987.0,979.0
992,2020.04.27,4750.0,5.0,4750.0,4800.0,4680.0,21205.0,992.0,992.0,988.0,988.0,988.0,980.0
993,2020.04.24,4745.0,60.0,4765.0,4845.0,4580.0,36781.0,993.0,993.0,989.0,989.0,989.0,981.0
994,2020.04.23,4805.0,35.0,4845.0,4845.0,4720.0,29816.0,994.0,994.0,990.0,990.0,990.0,982.0
995,2020.04.22,4770.0,5.0,4815.0,4815.0,4660.0,40972.0,995.0,995.0,991.0,991.0,991.0,983.0
996,2020.04.21,4765.0,105.0,4805.0,4850.0,4705.0,30793.0,996.0,996.0,992.0,992.0,992.0,984.0
997,2020.04.20,4870.0,10.0,4905.0,4925.0,4805.0,36412.0,997.0,997.0,993.0,993.0,993.0,985.0
998,2020.04.17,4880.0,125.0,4840.0,4935.0,4740.0,174971.0,998.0,998.0,994.0,994.0,994.0,986.0
999,2020.04.16,4755.0,50.0,4710.0,4820.0,4660.0,18704.0,999.0,999.0,995.0,995.0,995.0,987.0
1000,2020.04.14,4705.0,50.0,4755.0,4790.0,4695.0,25074.0,1000.0,1000.0,996.0,996.0,996.0,988.0
1001,2020.04.13,4755.0,55.0,4700.0,4900.0,4590.0,74374.0,1001.0,1001.0,997.0,997.0,997.0,989.0
1002,2020.04.10,4700.0,45.0,4745.0,4745.0,4495.0,60348.0,1002.0,1002.0,998.0,998.0,998.0,990.0
1003,2020.04.09,4745.0,310.0,4435.0,4755.0,4405.0,226104.0,1003.0,1003.0,999.0,999.0,999.0,991.0
1004,2020.04.08,4435.0,15.0,4385.0,4450.0,4370.0,23928.0,1004.0,1004.0,1000.0,1000.0,1000.0,992.0
1005,2020.04.07,4450.0,0.0,4510.0,4510.0,4300.0,47247.0,1005.0,1005.0,1001.0,1001.0,1001.0,993.0
1006,2020.04.06,4450.0,15.0,4435.0,4580.0,4430.0,26915.0,1006.0,1006.0,1002.0,1002.0,1002.0,994.0
1007,2020.04.03,4435.0,45.0,4355.0,4560.0,4355.0,111764.0,1007.0,1007.0,1003.0,1003.0,1003.0,995.0
1008,2020.04.02,4390.0,45.0,4265.0,4390.0,4200.0,86252.0,1008.0,1008.0,1004.0,1004.0,1004.0,996.0
1009,2020.04.01,4345.0,5.0,4400.0,4400.0,4240.0,41594.0,1009.0,1009.0,1005.0,1005.0,1005.0,997.0
1010,2020.03.31,4350.0,90.0,4265.0,4410.0,4230.0,368747.0,1010.0,1010.0,1006.0,1006.0,1006.0,998.0
1011,2020.03.30,4260.0,60.0,4200.0,4330.0,4145.0,76888.0,1011.0,1011.0,1007.0,1007.0,1007.0,999.0
1012,2020.03.27,4200.0,110.0,4135.0,4285.0,3965.0,79165.0,1012.0,1012.0,1008.0,1008.0,1008.0,1000.0
1013,2020.03.26,4090.0,280.0,3900.0,4130.0,3585.0,272384.0,1013.0,1013.0,1009.0,1009.0,1009.0,1001.0
1014,2020.03.25,3810.0,10.0,3850.0,3850.0,3610.0,135463.0,1014.0,1014.0,1010.0,1010.0,1010.0,1002.0
1015,2020.03.24,3800.0,35.0,3765.0,3950.0,3650.0,122626.0,1015.0,1015.0,1011.0,1011.0,1011.0,1003.0
1016,2020.03.23,3765.0,120.0,3885.0,3885.0,3340.0,40528.0,1016.0,1016.0,1012.0,1012.0,1012.0,1004.0
1017,2020.03.20,3885.0,75.0,3810.0,4000.0,3725.0,50691.0,1017.0,1017.0,1013.0,1013.0,1013.0,1005.0
1018,2020.03.19,3810.0,10.0,3610.0,4010.0,3610.0,66494.0,1018.0,1018.0,1014.0,1014.0,1014.0,1006.0
1019,2020.03.18,3800.0,0.0,3860.0,4005.0,3690.0,83764.0,1019.0,1019.0,1015.0,1015.0,1015.0,1007.0
1020,2020.03.17,3800.0,200.0,3645.0,4000.0,3645.0,78240.0,1020.0,1020.0,1016.0,1016.0,1016.0,1008.0
1021,2020.03.16,4000.0,500.0,4500.0,4550.0,4000.0,61137.0,1021.0,1021.0,1017.0,1017.0,1017.0,1009.0
1022,2020.03.13,4500.0,370.0,3735.0,4500.0,3555.0,132564.0,1022.0,1022.0,1018.0,1018.0,1018.0,1010.0
1023,2020.03.12,4130.0,170.0,4345.0,4345.0,4070.0,42947.0,1023.0,1023.0,1019.0,1019.0,1019.0,1011.0
1024,2020.03.11,4300.0,115.0,4420.0,4425.0,4300.0,36738.0,1024.0,1024.0,1020.0,1020.0,1020.0,1012.0
1025,2020.03.10,4415.0,95.0,4510.0,4510.0,4365.0,32522.0,1025.0,1025.0,1021.0,1021.0,1021.0,1013.0
1026,2020.03.09,4510.0,200.0,4710.0,4710.0,4420.0,92447.0,1026.0,1026.0,1022.0,1022.0,1022.0,1014.0
1027,2020.03.06,4710.0,0.0,4770.0,4770.0,4625.0,30204.0,1027.0,1027.0,1023.0,1023.0,1023.0,1015.0
1028,2020.03.05,4710.0,215.0,4560.0,4860.0,4495.0,111740.0,1028.0,1028.0,1024.0,1024.0,1024.0,1016.0
1029,2020.03.04,4495.0,30.0,4485.0,4500.0,4430.0,19691.0,1029.0,1029.0,1025.0,1025.0,1025.0,1017.0
1030,2020.03.03,4465.0,20.0,4770.0,4770.0,4395.0,25923.0,1030.0,1030.0,1026.0,1026.0,1026.0,1018.0
1031,2020.03.02,4445.0,5.0,4440.0,4600.0,4280.0,26187.0,1031.0,1031.0,1027.0,1027.0,1027.0,1019.0
1032,2020.02.28,4440.0,55.0,4390.0,4495.0,4300.0,64834.0,1032.0,1032.0,1028.0,1028.0,1028.0,1020.0
1033,2020.02.27,4495.0,75.0,4485.0,4665.0,4435.0,69088.0,1033.0,1033.0,1029.0,1029.0,1029.0,1021.0
1034,2020.02.26,4570.0,100.0,4405.0,4590.0,4385.0,53908.0,1034.0,1034.0,1030.0,1030.0,1030.0,1022.0
1035,2020.02.25,4470.0,30.0,4540.0,4550.0,4350.0,15837.0,1035.0,1035.0,1031.0,1031.0,1031.0,1023.0
1036,2020.02.24,4500.0,150.0,4450.0,4600.0,4390.0,92585.0,1036.0,1036.0,1032.0,1032.0,1032.0,1024.0
1037,2020.02.21,4650.0,30.0,4520.0,4800.0,4520.0,145652.0,1037.0,1037.0,1033.0,1033.0,1033.0,1025.0
1038,2020.02.20,4620.0,35.0,4585.0,4630.0,4425.0,67781.0,1038.0,1038.0,1034.0,1034.0,1034.0,1026.0
1039,2020.02.19,4585.0,165.0,4750.0,4800.0,4545.0,97567.0,1039.0,1039.0,1035.0,1035.0,1035.0,1027.0
1040,2020.02.18,4750.0,125.0,4900.0,4900.0,4700.0,54183.0,1040.0,1040.0,1036.0,1036.0,1036.0,1028.0
1041,2020.02.17,4875.0,25.0,4890.0,4890.0,4800.0,59372.0,1041.0,1041.0,1037.0,1037.0,1037.0,1029.0
1042,2020.02.14,4850.0,0.0,4800.0,4880.0,4800.0,62736.0,1042.0,1042.0,1038.0,1038.0,1038.0,1030.0
1043,2020.02.13,4850.0,15.0,4765.0,4900.0,4765.0,101080.0,1043.0,1043.0,1039.0,1039.0,1039.0,1031.0
1044,2020.02.12,4835.0,110.0,4885.0,4885.0,4740.0,78147.0,1044.0,1044.0,1040.0,1040.0,1040.0,1032.0
1045,2020.02.11,4725.0,230.0,4575.0,4780.0,4500.0,127583.0,1045.0,1045.0,1041.0,1041.0,1041.0,1033.0
1046,2020.02.10,4495.0,15.0,4510.0,4545.0,4450.0,57190.0,1046.0,1046.0,1042.0,1042.0,1042.0,1034.0
1047,2020.02.07,4510.0,30.0,4415.0,4540.0,4390.0,27753.0,1047.0,1047.0,1043.0,1043.0,1043.0,1035.0
1048,2020.02.06,4480.0,185.0,4360.0,4500.0,4290.0,52030.0,1048.0,1048.0,1044.0,1044.0,1044.0,1036.0
1049,2020.02.05,4295.0,5.0,4335.0,4340.0,4200.0,37465.0,1049.0,1049.0,1045.0,1045.0,1045.0,1037.0
1050,2020.02.04,4290.0,260.0,4100.0,4300.0,4005.0,48354.0,1050.0,1050.0,1046.0,1046.0,1046.0,1038.0
1051,2020.02.03,4030.0,30.0,3795.0,4050.0,3790.0,35024.0,1051.0,1051.0,1047.0,1047.0,1047.0,1039.0
1052,2020.01.31,4000.0,85.0,4100.0,4100.0,3945.0,57453.0,1052.0,1052.0,1048.0,1048.0,1048.0,1040.0
1053,2020.01.30,4085.0,320.0,4285.0,4365.0,4085.0,118633.0,1053.0,1053.0,1049.0,1049.0,1049.0,1041.0
1054,2020.01.29,4405.0,395.0,4725.0,4800.0,4335.0,226942.0,1054.0,1054.0,1050.0,1050.0,1050.0,1042.0
1055,2020.01.28,4800.0,90.0,4850.0,4850.0,4710.0,32014.0,1055.0,1055.0,1051.0,1051.0,1051.0,1043.0
1056,2020.01.23,4890.0,25.0,4840.0,4890.0,4785.0,118251.0,1056.0,1056.0,1052.0,1052.0,1052.0,1044.0
1057,2020.01.22,4865.0,15.0,4850.0,4865.0,4785.0,46833.0,1057.0,1057.0,1053.0,1053.0,1053.0,1045.0
1058,2020.01.21,4850.0,80.0,4915.0,4940.0,4750.0,76363.0,1058.0,1058.0,1054.0,1054.0,1054.0,1046.0
1059,2020.01.20,4930.0,70.0,4860.0,4975.0,4815.0,155120.0,1059.0,1059.0,1055.0,1055.0,1055.0,1047.0
1060,2020.01.17,4860.0,260.0,4610.0,4885.0,4610.0,328827.0,1060.0,1060.0,1056.0,1056.0,1056.0,1048.0
1061,2020.01.16,4600.0,45.0,4560.0,4615.0,4525.0,30417.0,1061.0,1061.0,1057.0,1057.0,1057.0,1049.0
1062,2020.01.15,4555.0,65.0,4585.0,4635.0,4535.0,7931.0,1062.0,1062.0,1058.0,1058.0,1058.0,1050.0
1063,2020.01.14,4620.0,105.0,4515.0,4630.0,4500.0,69556.0,1063.0,1063.0,1059.0,1059.0,1059.0,1051.0
1064,2020.01.13,4515.0,85.0,4540.0,4590.0,4490.0,28225.0,1064.0,1064.0,1060.0,1060.0,1060.0,1052.0
1065,2020.01.10,4600.0,95.0,4520.0,4610.0,4465.0,32669.0,1065.0,1065.0,1061.0,1061.0,1061.0,1053.0
1066,2020.01.09,4505.0,5.0,4500.0,4565.0,4440.0,45077.0,1066.0,1066.0,1062.0,1062.0,1062.0,1054.0
1067,2020.01.08,4500.0,100.0,4620.0,4620.0,4420.0,41137.0,1067.0,1067.0,1063.0,1063.0,1063.0,1055.0
1068,2020.01.07,4600.0,130.0,4460.0,4620.0,4400.0,127825.0,1068.0,1068.0,1064.0,1064.0,1064.0,1056.0
1069,2020.01.06,4470.0,50.0,4520.0,4520.0,4460.0,8464.0,1069.0,1069.0,1065.0,1065.0,1065.0,1057.0
1070,2020.01.03,4520.0,10.0,4545.0,4545.0,4460.0,58064.0,1070.0,1070.0,1066.0,1066.0,1066.0,1058.0
1071,2020.01.02,4510.0,10.0,4505.0,4530.0,4460.0,19022.0,1071.0,1071.0,1067.0,1067.0,1067.0,1059.0
1072,2019.12.30,4520.0,105.0,4375.0,4520.0,4370.0,58497.0,1072.0,1072.0,1068.0,1068.0,1068.0,1060.0
1073,2019.12.27,4415.0,80.0,4285.0,4420.0,4285.0,51279.0,1073.0,1073.0,1069.0,1069.0,1069.0,1061.0
1074,2019.12.26,4335.0,55.0,4350.0,4400.0,4260.0,345148.0,1074.0,1074.0,1070.0,1070.0,1070.0,1062.0
1075,2019.12.24,4390.0,20.0,4370.0,4450.0,4360.0,48614.0,1075.0,1075.0,1071.0,1071.0,1071.0,1063.0
1076,2019.12.23,4370.0,30.0,4400.0,4450.0,4335.0,23163.0,1076.0,1076.0,1072.0,1072.0,1072.0,1064.0
1077,2019.12.20,4400.0,45.0,4355.0,4410.0,4135.0,50046.0,1077.0,1077.0,1073.0,1073.0,1073.0,1065.0
1078,2019.12.19,4355.0,5.0,4310.0,4470.0,4285.0,23604.0,1078.0,1078.0,1074.0,1074.0,1074.0,1066.0
1079,2019.12.18,4350.0,160.0,4550.0,4550.0,4345.0,54085.0,1079.0,1079.0,1075.0,1075.0,1075.0,1067.0
1080,2019.12.17,4510.0,75.0,4585.0,4610.0,4480.0,21904.0,1080.0,1080.0,1076.0,1076.0,1076.0,1068.0
1081,2019.12.16,4585.0,5.0,4545.0,4645.0,4545.0,8410.0,1081.0,1081.0,1077.0,1077.0,1077.0,1069.0
1082,2019.12.13,4590.0,10.0,4575.0,4645.0,4575.0,15629.0,1082.0,1082.0,1078.0,1078.0,1078.0,1070.0
1083,2019.12.12,4600.0,55.0,4655.0,4700.0,4575.0,28781.0,1083.0,1083.0,1079.0,1079.0,1079.0,1071.0
1084,2019.12.11,4655.0,10.0,4645.0,4660.0,4590.0,49471.0,1084.0,1084.0,1080.0,1080.0,1080.0,1072.0
1085,2019.12.10,4645.0,95.0,4550.0,4675.0,4515.0,68937.0,1085.0,1085.0,1081.0,1081.0,1081.0,1073.0
1086,2019.12.09,4550.0,80.0,4655.0,4695.0,4550.0,53406.0,1086.0,1086.0,1082.0,1082.0,1082.0,1074.0
1087,2019.12.06,4630.0,90.0,4540.0,4650.0,4500.0,95194.0,1087.0,1087.0,1083.0,1083.0,1083.0,1075.0
1088,2019.12.05,4540.0,5.0,4590.0,4590.0,4490.0,47893.0,1088.0,1088.0,1084.0,1084.0,1084.0,1076.0
1089,2019.12.04,4545.0,45.0,4500.0,4550.0,4455.0,54784.0,1089.0,1089.0,1085.0,1085.0,1085.0,1077.0
1090,2019.12.03,4500.0,35.0,4375.0,4530.0,4375.0,125945.0,1090.0,1090.0,1086.0,1086.0,1086.0,1078.0
1091,2019.12.02,4465.0,65.0,4400.0,4500.0,4400.0,50970.0,1091.0,1091.0,1087.0,1087.0,1087.0,1079.0
1092,2019.11.29,4400.0,0.0,4400.0,4415.0,4325.0,17237.0,1092.0,1092.0,1088.0,1088.0,1088.0,1080.0
1093,2019.11.28,4400.0,20.0,4380.0,4440.0,4345.0,30876.0,1093.0,1093.0,1089.0,1089.0,1089.0,1081.0
1094,2019.11.27,4380.0,20.0,4430.0,4440.0,4345.0,16169.0,1094.0,1094.0,1090.0,1090.0,1090.0,1082.0
1095,2019.11.26,4400.0,35.0,4480.0,4495.0,4390.0,30435.0,1095.0,1095.0,1091.0,1091.0,1091.0,1083.0
1096,2019.11.25,4435.0,35.0,4400.0,4505.0,4370.0,32374.0,1096.0,1096.0,1092.0,1092.0,1092.0,1084.0
1097,2019.11.22,4400.0,35.0,4430.0,4430.0,4350.0,19589.0,1097.0,1097.0,1093.0,1093.0,1093.0,1085.0
1098,2019.11.21,4435.0,0.0,4435.0,4450.0,4320.0,44737.0,1098.0,1098.0,1094.0,1094.0,1094.0,1086.0
1099,2019.11.20,4435.0,5.0,4430.0,4480.0,4375.0,76275.0,1099.0,1099.0,1095.0,1095.0,1095.0,1087.0
1100,2019.11.19,4430.0,30.0,4400.0,4500.0,4290.0,65920.0,1100.0,1100.0,1096.0,1096.0,1096.0,1088.0
1101,2019.11.18,4400.0,30.0,4370.0,4450.0,4305.0,39195.0,1101.0,1101.0,1097.0,1097.0,1097.0,1089.0
1102,2019.11.15,4370.0,75.0,4500.0,4500.0,4365.0,19444.0,1102.0,1102.0,1098.0,1098.0,1098.0,1090.0
1103,2019.11.14,4445.0,25.0,4430.0,4500.0,4425.0,40209.0,1103.0,1103.0,1099.0,1099.0,1099.0,1091.0
1104,2019.11.13,4470.0,5.0,4475.0,4540.0,4425.0,66357.0,1104.0,1104.0,1100.0,1100.0,1100.0,1092.0
1105,2019.11.12,4465.0,65.0,4350.0,4475.0,4350.0,80112.0,1105.0,1105.0,1101.0,1101.0,1101.0,1093.0
1106,2019.11.11,4400.0,185.0,4215.0,4450.0,4155.0,127409.0,1106.0,1106.0,1102.0,1102.0,1102.0,1094.0
1107,2019.11.08,4215.0,60.0,4115.0,4240.0,4090.0,76049.0,1107.0,1107.0,1103.0,1103.0,1103.0,1095.0
1108,2019.11.07,4155.0,30.0,4095.0,4180.0,4095.0,30428.0,1108.0,1108.0,1104.0,1104.0,1104.0,1096.0
1109,2019.11.06,4125.0,75.0,4055.0,4455.0,4055.0,223330.0,1109.0,1109.0,1105.0,1105.0,1105.0,1097.0
1110,2019.11.05,4050.0,50.0,4185.0,4190.0,4050.0,49873.0,1110.0,1110.0,1106.0,1106.0,1106.0,1098.0
1111,2019.11.04,4100.0,75.0,4175.0,4225.0,4100.0,55321.0,1111.0,1111.0,1107.0,1107.0,1107.0,1099.0
1112,2019.11.01,4175.0,145.0,4000.0,4215.0,3965.0,102522.0,1112.0,1112.0,1108.0,1108.0,1108.0,1100.0
1113,2019.10.31,4030.0,65.0,3965.0,4030.0,3840.0,139636.0,1113.0,1113.0,1109.0,1109.0,1109.0,1101.0
1114,2019.10.30,3965.0,55.0,3930.0,3980.0,3880.0,81962.0,1114.0,1114.0,1110.0,1110.0,1110.0,1102.0
1115,2019.10.29,3910.0,5.0,3955.0,3985.0,3840.0,57143.0,1115.0,1115.0,1111.0,1111.0,1111.0,1103.0
1116,2019.10.28,3905.0,85.0,3810.0,3980.0,3800.0,121401.0,1116.0,1116.0,1112.0,1112.0,1112.0,1104.0
1117,2019.10.25,3990.0,20.0,3965.0,4000.0,3875.0,237986.0,1117.0,1117.0,1113.0,1113.0,1113.0,1105.0
1118,2019.10.24,4010.0,0.0,3990.0,4095.0,3750.0,431328.0,1118.0,1118.0,1114.0,1114.0,1114.0,1106.0
1119,2019.10.23,4010.0,10.0,4000.0,4030.0,3875.0,80794.0,1119.0,1119.0,1115.0,1115.0,1115.0,1107.0
1120,2019.10.22,4000.0,135.0,4135.0,4140.0,3950.0,152601.0,1120.0,1120.0,1116.0,1116.0,1116.0,1108.0
1121,2019.10.21,4135.0,105.0,4030.0,4250.0,4030.0,264508.0,1121.0,1121.0,1117.0,1117.0,1117.0,1109.0
1122,2019.10.18,4030.0,50.0,3980.0,4045.0,3930.0,154435.0,1122.0,1122.0,1118.0,1118.0,1118.0,1110.0
1123,2019.10.17,3980.0,0.0,3980.0,4090.0,3900.0,158138.0,1123.0,1123.0,1119.0,1119.0,1119.0,1111.0
1124,2019.10.16,3980.0,360.0,4100.0,4185.0,3835.0,891370.0,1124.0,1124.0,1120.0,1120.0,1120.0,1112.0
1125,2019.10.15,4340.0,115.0,4485.0,4495.0,4295.0,77532.0,1125.0,1125.0,1121.0,1121.0,1121.0,1113.0
1126,2019.10.14,4455.0,55.0,4600.0,4600.0,4450.0,86576.0,1126.0,1126.0,1122.0,1122.0,1122.0,1114.0
1127,2019.10.11,4510.0,10.0,4500.0,4600.0,4400.0,54220.0,1127.0,1127.0,1123.0,1123.0,1123.0,1115.0
1128,2019.10.10,4500.0,60.0,4560.0,4560.0,4400.0,58294.0,1128.0,1128.0,1124.0,1124.0,1124.0,1116.0
1129,2019.10.08,4560.0,10.0,4570.0,4695.0,4395.0,62041.0,1129.0,1129.0,1125.0,1125.0,1125.0,1117.0
1130,2019.10.07,4570.0,180.0,4305.0,4600.0,4145.0,146156.0,1130.0,1130.0,1126.0,1126.0,1126.0,1118.0
1131,2019.10.04,4390.0,5.0,4385.0,4500.0,4255.0,47894.0,1131.0,1131.0,1127.0,1127.0,1127.0,1119.0
1132,2019.10.02,4385.0,65.0,4455.0,4535.0,4315.0,65718.0,1132.0,1132.0,1128.0,1128.0,1128.0,1120.0
1133,2019.10.01,4450.0,20.0,4470.0,4490.0,4400.0,35593.0,1133.0,1133.0,1129.0,1129.0,1129.0,1121.0
1134,2019.09.30,4470.0,115.0,4585.0,4585.0,4250.0,73331.0,1134.0,1134.0,1130.0,1130.0,1130.0,1122.0
1135,2019.09.27,4585.0,30.0,4570.0,4645.0,4495.0,47741.0,1135.0,1135.0,1131.0,1131.0,1131.0,1123.0
1136,2019.09.26,4615.0,15.0,4685.0,4685.0,4525.0,34272.0,1136.0,1136.0,1132.0,1132.0,1132.0,1124.0
1137,2019.09.25,4600.0,100.0,4600.0,4670.0,4550.0,84891.0,1137.0,1137.0,1133.0,1133.0,1133.0,1125.0
1138,2019.09.24,4500.0,165.0,4600.0,4655.0,4490.0,80602.0,1138.0,1138.0,1134.0,1134.0,1134.0,1126.0
1139,2019.09.23,4665.0,185.0,4750.0,4850.0,4600.0,102125.0,1139.0,1139.0,1135.0,1135.0,1135.0,1127.0
1140,2019.09.20,4850.0,20.0,4840.0,4890.0,4805.0,61348.0,1140.0,1140.0,1136.0,1136.0,1136.0,1128.0
1141,2019.09.19,4830.0,80.0,4750.0,4865.0,4735.0,48143.0,1141.0,1141.0,1137.0,1137.0,1137.0,1129.0
1142,2019.09.18,4750.0,105.0,4855.0,4910.0,4700.0,70104.0,1142.0,1142.0,1138.0,1138.0,1138.0,1130.0
1143,2019.09.17,4855.0,40.0,4700.0,4960.0,4700.0,120140.0,1143.0,1143.0,1139.0,1139.0,1139.0,1131.0
1144,2019.09.16,4895.0,45.0,4800.0,4950.0,4800.0,63543.0,1144.0,1144.0,1140.0,1140.0,1140.0,1132.0
1145,2019.09.11,4850.0,250.0,4600.0,4915.0,4600.0,101324.0,1145.0,1145.0,1141.0,1141.0,1141.0,1133.0
1146,2019.09.10,4600.0,230.0,4755.0,4825.0,4600.0,79502.0,1146.0,1146.0,1142.0,1142.0,1142.0,1134.0
1147,2019.09.09,4830.0,25.0,4895.0,4930.0,4710.0,150674.0,1147.0,1147.0,1143.0,1143.0,1143.0,1135.0
1148,2019.09.06,4855.0,170.0,4685.0,4885.0,4660.0,289330.0,1148.0,1148.0,1144.0,1144.0,1144.0,1136.0
1149,2019.09.05,4685.0,135.0,4580.0,4715.0,4580.0,188326.0,1149.0,1149.0,1145.0,1145.0,1145.0,1137.0
1150,2019.09.04,4550.0,105.0,4480.0,4575.0,4430.0,94748.0,1150.0,1150.0,1146.0,1146.0,1146.0,1138.0
1151,2019.09.03,4445.0,10.0,4435.0,4520.0,4355.0,102990.0,1151.0,1151.0,1147.0,1147.0,1147.0,1139.0
1152,2019.09.02,4435.0,245.0,5170.0,5170.0,4435.0,789286.0,1152.0,1152.0,1148.0,1148.0,1148.0,1140.0
1153,2019.08.30,4680.0,60.0,4620.0,4790.0,4280.0,482691.0,1153.0,1153.0,1149.0,1149.0,1149.0,1141.0
1154,2019.08.29,4620.0,100.0,4650.0,4650.0,4525.0,190145.0,1154.0,1154.0,1150.0,1150.0,1150.0,1142.0
1155,2019.08.28,4520.0,60.0,4455.0,4530.0,4400.0,58023.0,1155.0,1155.0,1151.0,1151.0,1151.0,1143.0
1156,2019.08.27,4460.0,30.0,4490.0,4535.0,4250.0,204049.0,1156.0,1156.0,1152.0,1152.0,1152.0,1144.0
1157,2019.08.26,4490.0,70.0,4490.0,4625.0,4485.0,111835.0,1157.0,1157.0,1153.0,1153.0,1153.0,1145.0
1158,2019.08.23,4560.0,20.0,4540.0,4565.0,4410.0,82537.0,1158.0,1158.0,1154.0,1154.0,1154.0,1146.0
1159,2019.08.22,4540.0,105.0,4450.0,4600.0,4390.0,127105.0,1159.0,1159.0,1155.0,1155.0,1155.0,1147.0
1160,2019.08.21,4435.0,55.0,4380.0,4465.0,4310.0,65839.0,1160.0,1160.0,1156.0,1156.0,1156.0,1148.0
1161,2019.08.20,4380.0,120.0,4295.0,4425.0,4200.0,152849.0,1161.0,1161.0,1157.0,1157.0,1157.0,1149.0
1162,2019.08.19,4260.0,10.0,4310.0,4345.0,4195.0,103326.0,1162.0,1162.0,1158.0,1158.0,1158.0,1150.0
1163,2019.08.16,4250.0,90.0,4150.0,4250.0,4040.0,111228.0,1163.0,1163.0,1159.0,1159.0,1159.0,1151.0
1164,2019.08.14,4160.0,0.0,4200.0,4250.0,4050.0,39384.0,1164.0,1164.0,1160.0,1160.0,1160.0,1152.0
1165,2019.08.13,4160.0,35.0,4195.0,4210.0,4060.0,70402.0,1165.0,1165.0,1161.0,1161.0,1161.0,1153.0
1166,2019.08.12,4195.0,60.0,4120.0,4235.0,3990.0,159278.0,1166.0,1166.0,1162.0,1162.0,1162.0,1154.0
1167,2019.08.09,4135.0,60.0,4105.0,4145.0,4030.0,98817.0,1167.0,1167.0,1163.0,1163.0,1163.0,1155.0
1168,2019.08.08,4075.0,105.0,3900.0,4190.0,3895.0,76709.0,1168.0,1168.0,1164.0,1164.0,1164.0,1156.0
1169,2019.08.07,3970.0,275.0,3695.0,3970.0,3695.0,97091.0,1169.0,1169.0,1165.0,1165.0,1165.0,1157.0
1170,2019.08.06,3695.0,125.0,3820.0,3870.0,3485.0,221153.0,1170.0,1170.0,1166.0,1166.0,1166.0,1158.0
1171,2019.08.05,3820.0,435.0,4195.0,4255.0,3795.0,179038.0,1171.0,1171.0,1167.0,1167.0,1167.0,1159.0
1172,2019.08.02,4255.0,35.0,4290.0,4340.0,4145.0,88383.0,1172.0,1172.0,1168.0,1168.0,1168.0,1160.0
1173,2019.08.01,4290.0,200.0,4490.0,4490.0,4140.0,111167.0,1173.0,1173.0,1169.0,1169.0,1169.0,1161.0
1174,2019.07.31,4490.0,25.0,4430.0,4500.0,4365.0,66922.0,1174.0,1174.0,1170.0,1170.0,1170.0,1162.0
1175,2019.07.30,4465.0,5.0,4470.0,4500.0,4325.0,47668.0,1175.0,1175.0,1171.0,1171.0,1171.0,1163.0
1176,2019.07.29,4470.0,115.0,4585.0,4585.0,4320.0,90505.0,1176.0,1176.0,1172.0,1172.0,1172.0,1164.0
1177,2019.07.26,4585.0,55.0,4530.0,4585.0,4405.0,94375.0,1177.0,1177.0,1173.0,1173.0,1173.0,1165.0
1178,2019.07.25,4530.0,95.0,4615.0,4640.0,4480.0,86100.0,1178.0,1178.0,1174.0,1174.0,1174.0,1166.0
1179,2019.07.24,4625.0,50.0,4685.0,4685.0,4555.0,69772.0,1179.0,1179.0,1175.0,1175.0,1175.0,1167.0
1180,2019.07.23,4675.0,50.0,4665.0,4735.0,4565.0,136750.0,1180.0,1180.0,1176.0,1176.0,1176.0,1168.0
1181,2019.07.22,4625.0,35.0,4540.0,4650.0,4540.0,99611.0,1181.0,1181.0,1177.0,1177.0,1177.0,1169.0
1182,2019.07.19,4590.0,145.0,4375.0,4615.0,4375.0,254061.0,1182.0,1182.0,1178.0,1178.0,1178.0,1170.0
1183,2019.07.18,4445.0,15.0,4460.0,4550.0,4390.0,124439.0,1183.0,1183.0,1179.0,1179.0,1179.0,1171.0
1184,2019.07.17,4460.0,0.0,4460.0,4545.0,4330.0,124003.0,1184.0,1184.0,1180.0,1180.0,1180.0,1172.0
1185,2019.07.16,4460.0,90.0,4365.0,4495.0,4155.0,292288.0,1185.0,1185.0,1181.0,1181.0,1181.0,1173.0
1186,2019.07.15,4370.0,105.0,4495.0,4675.0,4300.0,614218.0,1186.0,1186.0,1182.0,1182.0,1182.0,1174.0
1187,2019.07.12,4475.0,275.0,4260.0,4485.0,4180.0,635843.0,1187.0,1187.0,1183.0,1183.0,1183.0,1175.0
1188,2019.07.11,4200.0,110.0,4150.0,4340.0,4100.0,492056.0,1188.0,1188.0,1184.0,1184.0,1184.0,1176.0
1189,2019.07.10,4090.0,50.0,4195.0,4250.0,3985.0,290036.0,1189.0,1189.0,1185.0,1185.0,1185.0,1177.0
1190,2019.07.09,4140.0,110.0,4080.0,4200.0,4005.0,325276.0,1190.0,1190.0,1186.0,1186.0,1186.0,1178.0
1191,2019.07.08,4030.0,30.0,3995.0,4250.0,3950.0,870693.0,1191.0,1191.0,1187.0,1187.0,1187.0,1179.0
1192,2019.07.05,4000.0,0.0,3950.0,4085.0,3875.0,420086.0,1192.0,1192.0,1188.0,1188.0,1188.0,1180.0
1193,2019.07.04,4000.0,130.0,3835.0,4020.0,3740.0,472345.0,1193.0,1193.0,1189.0,1189.0,1189.0,1181.0
1194,2019.07.03,3870.0,70.0,4035.0,4070.0,3755.0,665388.0,1194.0,1194.0,1190.0,1190.0,1190.0,1182.0
1195,2019.07.02,3940.0,355.0,3650.0,4300.0,3595.0,1747322.0,1195.0,1195.0,1191.0,1191.0,1191.0,1183.0
1196,2019.07.01,3585.0,45.0,3540.0,3640.0,3515.0,100233.0,1196.0,1196.0,1192.0,1192.0,1192.0,1184.0
1197,2019.06.28,3540.0,40.0,3545.0,3595.0,3485.0,63373.0,1197.0,1197.0,1193.0,1193.0,1193.0,1185.0
1198,2019.06.27,3500.0,35.0,3525.0,3525.0,3485.0,16530.0,1198.0,1198.0,1194.0,1194.0,1194.0,1186.0
1199,2019.06.26,3465.0,25.0,3420.0,3480.0,3420.0,16000.0,1199.0,1199.0,1195.0,1195.0,1195.0,1187.0
1200,2019.06.25,3440.0,75.0,3520.0,3600.0,3440.0,64555.0,1200.0,1200.0,1196.0,1196.0,1196.0,1188.0
1201,2019.06.24,3515.0,5.0,3525.0,3640.0,3505.0,53620.0,1201.0,1201.0,1197.0,1197.0,1197.0,1189.0
1202,2019.06.21,3520.0,0.0,3510.0,3540.0,3460.0,26073.0,1202.0,1202.0,1198.0,1198.0,1198.0,1190.0
1203,2019.06.20,3520.0,15.0,3505.0,3605.0,3470.0,46964.0,1203.0,1203.0,1199.0,1199.0,1199.0,1191.0
1204,2019.06.19,3505.0,30.0,3585.0,3585.0,3460.0,76581.0,1204.0,1204.0,1200.0,1200.0,1200.0,1192.0
1205,2019.06.18,3535.0,95.0,3630.0,3650.0,3510.0,65724.0,1205.0,1205.0,1201.0,1201.0,1201.0,1193.0
1206,2019.06.17,3630.0,35.0,3615.0,3685.0,3605.0,107622.0,1206.0,1206.0,1202.0,1202.0,1202.0,1194.0
1207,2019.06.14,3595.0,65.0,3530.0,3605.0,3530.0,121931.0,1207.0,1207.0,1203.0,1203.0,1203.0,1195.0
1208,2019.06.13,3530.0,85.0,3480.0,3570.0,3465.0,87556.0,1208.0,1208.0,1204.0,1204.0,1204.0,1196.0
1209,2019.06.12,3445.0,55.0,3480.0,3500.0,3440.0,39454.0,1209.0,1209.0,1205.0,1205.0,1205.0,1197.0
1210,2019.06.11,3500.0,5.0,3525.0,3530.0,3430.0,60357.0,1210.0,1210.0,1206.0,1206.0,1206.0,1198.0
1211,2019.06.10,3505.0,35.0,3520.0,3580.0,3505.0,63995.0,1211.0,1211.0,1207.0,1207.0,1207.0,1199.0
1212,2019.06.07,3540.0,35.0,3510.0,3610.0,3505.0,101098.0,1212.0,1212.0,1208.0,1208.0,1208.0,1200.0
1213,2019.06.05,3505.0,60.0,3475.0,3555.0,3430.0,52649.0,1213.0,1213.0,1209.0,1209.0,1209.0,1201.0
1214,2019.06.04,3445.0,25.0,3470.0,3470.0,3385.0,35774.0,1214.0,1214.0,1210.0,1210.0,1210.0,1202.0
1215,2019.06.03,3470.0,30.0,3520.0,3520.0,3425.0,36242.0,1215.0,1215.0,1211.0,1211.0,1211.0,1203.0
1216,2019.05.31,3500.0,95.0,3420.0,3525.0,3380.0,129026.0,1216.0,1216.0,1212.0,1212.0,1212.0,1204.0
1217,2019.05.30,3405.0,25.0,3385.0,3410.0,3350.0,31380.0,1217.0,1217.0,1213.0,1213.0,1213.0,1205.0
1218,2019.05.29,3380.0,25.0,3440.0,3445.0,3375.0,73259.0,1218.0,1218.0,1214.0,1214.0,1214.0,1206.0
1219,2019.05.28,3405.0,15.0,3435.0,3435.0,3375.0,82102.0,1219.0,1219.0,1215.0,1215.0,1215.0,1207.0
1220,2019.05.27,3390.0,105.0,3250.0,3430.0,3250.0,179544.0,1220.0,1220.0,1216.0,1216.0,1216.0,1208.0
1221,2019.05.24,3285.0,25.0,3270.0,3345.0,3255.0,61729.0,1221.0,1221.0,1217.0,1217.0,1217.0,1209.0
1222,2019.05.23,3310.0,25.0,3350.0,3360.0,3210.0,72010.0,1222.0,1222.0,1218.0,1218.0,1218.0,1210.0
1223,2019.05.22,3335.0,185.0,3125.0,3435.0,3115.0,66956.0,1223.0,1223.0,1219.0,1219.0,1219.0,1211.0
1224,2019.05.21,3150.0,60.0,3210.0,3295.0,3080.0,45452.0,1224.0,1224.0,1220.0,1220.0,1220.0,1212.0
1225,2019.05.20,3210.0,50.0,3200.0,3260.0,3200.0,20565.0,1225.0,1225.0,1221.0,1221.0,1221.0,1213.0
1226,2019.05.17,3260.0,10.0,3355.0,3355.0,3210.0,25827.0,1226.0,1226.0,1222.0,1222.0,1222.0,1214.0
1227,2019.05.16,3270.0,25.0,3245.0,3295.0,3215.0,22088.0,1227.0,1227.0,1223.0,1223.0,1223.0,1215.0
1228,2019.05.15,3245.0,20.0,3200.0,3255.0,3200.0,19222.0,1228.0,1228.0,1224.0,1224.0,1224.0,1216.0
1229,2019.05.14,3225.0,50.0,3145.0,3230.0,3115.0,36576.0,1229.0,1229.0,1225.0,1225.0,1225.0,1217.0
1230,2019.05.13,3175.0,60.0,3340.0,3340.0,3080.0,49662.0,1230.0,1230.0,1226.0,1226.0,1226.0,1218.0
1231,2019.05.10,3235.0,20.0,3255.0,3375.0,3210.0,27369.0,1231.0,1231.0,1227.0,1227.0,1227.0,1219.0
1232,2019.05.09,3255.0,155.0,3385.0,3405.0,3250.0,98620.0,1232.0,1232.0,1228.0,1228.0,1228.0,1220.0
1233,2019.05.08,3410.0,30.0,3455.0,3455.0,3380.0,20255.0,1233.0,1233.0,1229.0,1229.0,1229.0,1221.0
1234,2019.05.07,3440.0,5.0,3340.0,3475.0,3340.0,30670.0,1234.0,1234.0,1230.0,1230.0,1230.0,1222.0
1235,2019.05.03,3445.0,5.0,3465.0,3510.0,3410.0,16692.0,1235.0,1235.0,1231.0,1231.0,1231.0,1223.0
1236,2019.05.02,3450.0,15.0,3405.0,3610.0,3405.0,36277.0,1236.0,1236.0,1232.0,1232.0,1232.0,1224.0
1237,2019.04.30,3465.0,35.0,3420.0,3490.0,3410.0,33118.0,1237.0,1237.0,1233.0,1233.0,1233.0,1225.0
1238,2019.04.29,3430.0,30.0,3400.0,3455.0,3330.0,43038.0,1238.0,1238.0,1234.0,1234.0,1234.0,1226.0
1239,2019.04.26,3400.0,95.0,3455.0,3455.0,3300.0,109082.0,1239.0,1239.0,1235.0,1235.0,1235.0,1227.0
1240,2019.04.25,3495.0,25.0,3590.0,3590.0,3450.0,64898.0,1240.0,1240.0,1236.0,1236.0,1236.0,1228.0
1241,2019.04.24,3520.0,35.0,3480.0,3535.0,3425.0,76205.0,1241.0,1241.0,1237.0,1237.0,1237.0,1229.0
1242,2019.04.23,3485.0,75.0,3560.0,3600.0,3480.0,110067.0,1242.0,1242.0,1238.0,1238.0,1238.0,1230.0
1243,2019.04.22,3560.0,10.0,3605.0,3680.0,3555.0,170032.0,1243.0,1243.0,1239.0,1239.0,1239.0,1231.0
1244,2019.04.19,3570.0,150.0,3470.0,3595.0,3415.0,149400.0,1244.0,1244.0,1240.0,1240.0,1240.0,1232.0
1245,2019.04.18,3420.0,65.0,3480.0,3480.0,3320.0,146610.0,1245.0,1245.0,1241.0,1241.0,1241.0,1233.0
1246,2019.04.17,3485.0,60.0,3580.0,3580.0,3485.0,70198.0,1246.0,1246.0,1242.0,1242.0,1242.0,1234.0
1247,2019.04.16,3545.0,205.0,3770.0,3820.0,3500.0,290603.0,1247.0,1247.0,1243.0,1243.0,1243.0,1235.0
1248,2019.04.15,3750.0,220.0,3550.0,3750.0,3540.0,258399.0,1248.0,1248.0,1244.0,1244.0,1244.0,1236.0
1249,2019.04.12,3530.0,230.0,3300.0,3570.0,3300.0,410252.0,1249.0,1249.0,1245.0,1245.0,1245.0,1237.0
1250,2019.04.11,3300.0,35.0,3260.0,3325.0,3260.0,39877.0,1250.0,1250.0,1246.0,1246.0,1246.0,1238.0
1251,2019.04.10,3265.0,115.0,3320.0,3330.0,3265.0,76327.0,1251.0,1251.0,1247.0,1247.0,1247.0,1239.0
1252,2019.04.09,3380.0,105.0,3310.0,3380.0,3250.0,145857.0,1252.0,1252.0,1248.0,1248.0,1248.0,1240.0
1253,2019.04.08,3275.0,55.0,3330.0,3395.0,3250.0,98443.0,1253.0,1253.0,1249.0,1249.0,1249.0,1241.0
1254,2019.04.05,3330.0,30.0,3375.0,3435.0,3320.0,42063.0,1254.0,1254.0,1250.0,1250.0,1250.0,1242.0
1255,2019.04.04,3360.0,60.0,3265.0,3390.0,3265.0,83908.0,1255.0,1255.0,1251.0,1251.0,1251.0,1243.0
1256,2019.04.03,3300.0,90.0,3215.0,3300.0,3210.0,62724.0,1256.0,1256.0,1252.0,1252.0,1252.0,1244.0
1257,2019.04.02,3210.0,60.0,3270.0,3275.0,3195.0,20913.0,1257.0,1257.0,1253.0,1253.0,1253.0,1245.0
1258,2019.04.01,3270.0,65.0,3205.0,3295.0,3205.0,51128.0,1258.0,1258.0,1254.0,1254.0,1254.0,1246.0
1259,2019.03.29,3205.0,40.0,3260.0,3260.0,3150.0,15254.0,1259.0,1259.0,1255.0,1255.0,1255.0,1247.0
1260,2019.03.28,3245.0,105.0,3160.0,3295.0,3145.0,45194.0,1260.0,1260.0,1256.0,1256.0,1256.0,1248.0
1261,2019.03.27,3140.0,5.0,3140.0,3185.0,3135.0,23219.0,1261.0,1261.0,1257.0,1257.0,1257.0,1249.0
1262,2019.03.26,3135.0,65.0,3200.0,3220.0,3135.0,35762.0,1262.0,1262.0,1258.0,1258.0,1258.0,1250.0
1263,2019.03.25,3200.0,10.0,3135.0,3235.0,3135.0,20997.0,1263.0,1263.0,1259.0,1259.0,1259.0,1251.0
1264,2019.03.22,3190.0,40.0,3230.0,3300.0,3190.0,19718.0,1264.0,1264.0,1260.0,1260.0,1260.0,1252.0
1265,2019.03.21,3230.0,60.0,3300.0,3300.0,3175.0,46708.0,1265.0,1265.0,1261.0,1261.0,1261.0,1253.0
1266,2019.03.20,3290.0,50.0,3355.0,3360.0,3230.0,54994.0,1266.0,1266.0,1262.0,1262.0,1262.0,1254.0
1267,2019.03.19,3340.0,130.0,3420.0,3420.0,3270.0,101311.0,1267.0,1267.0,1263.0,1263.0,1263.0,1255.0
1268,2019.03.18,3210.0,15.0,3185.0,3245.0,3165.0,20575.0,1268.0,1268.0,1264.0,1264.0,1264.0,1256.0
1269,2019.03.15,3195.0,0.0,3165.0,3230.0,3130.0,41966.0,1269.0,1269.0,1265.0,1265.0,1265.0,1257.0
1270,2019.03.14,3195.0,75.0,3295.0,3295.0,3160.0,47679.0,1270.0,1270.0,1266.0,1266.0,1266.0,1258.0
1271,2019.03.13,3270.0,30.0,3300.0,3400.0,3180.0,51676.0,1271.0,1271.0,1267.0,1267.0,1267.0,1259.0
1272,2019.03.12,3300.0,0.0,3300.0,3400.0,3240.0,45117.0,1272.0,1272.0,1268.0,1268.0,1268.0,1260.0
1273,2019.03.11,3300.0,155.0,3455.0,3455.0,3230.0,113569.0,1273.0,1273.0,1269.0,1269.0,1269.0,1261.0
1274,2019.03.08,3455.0,45.0,3480.0,3480.0,3360.0,52446.0,1274.0,1274.0,1270.0,1270.0,1270.0,1262.0
1275,2019.03.07,3410.0,40.0,3450.0,3580.0,3405.0,207179.0,1275.0,1275.0,1271.0,1271.0,1271.0,1263.0
1276,2019.03.06,3450.0,195.0,3295.0,3530.0,3255.0,328804.0,1276.0,1276.0,1272.0,1272.0,1272.0,1264.0
1277,2019.03.05,3255.0,5.0,3300.0,3300.0,3220.0,25414.0,1277.0,1277.0,1273.0,1273.0,1273.0,1265.0
1278,2019.03.04,3260.0,205.0,3155.0,3295.0,3155.0,100081.0,1278.0,1278.0,1274.0,1274.0,1274.0,1266.0
1279,2019.02.28,3055.0,130.0,3190.0,3200.0,3055.0,37512.0,1279.0,1279.0,1275.0,1275.0,1275.0,1267.0
1280,2019.02.27,3185.0,35.0,3220.0,3265.0,3175.0,51916.0,1280.0,1280.0,1276.0,1276.0,1276.0,1268.0
1281,2019.02.26,3220.0,5.0,3245.0,3370.0,3220.0,129516.0,1281.0,1281.0,1277.0,1277.0,1277.0,1269.0
1282,2019.02.25,3225.0,105.0,3180.0,3370.0,3120.0,312964.0,1282.0,1282.0,1278.0,1278.0,1278.0,1270.0
1283,2019.02.22,3120.0,10.0,3130.0,3210.0,3020.0,81846.0,1283.0,1283.0,1279.0,1279.0,1279.0,1271.0
1284,2019.02.21,3110.0,85.0,3195.0,3220.0,3075.0,43726.0,1284.0,1284.0,1280.0,1280.0,1280.0,1272.0
1285,2019.02.20,3195.0,40.0,3230.0,3235.0,3150.0,35166.0,1285.0,1285.0,1281.0,1281.0,1281.0,1273.0
1286,2019.02.19,3235.0,75.0,3200.0,3235.0,3100.0,98449.0,1286.0,1286.0,1282.0,1282.0,1282.0,1274.0
1287,2019.02.18,3160.0,25.0,3175.0,3220.0,3120.0,76338.0,1287.0,1287.0,1283.0,1283.0,1283.0,1275.0
1288,2019.02.15,3185.0,80.0,3265.0,3270.0,3155.0,59028.0,1288.0,1288.0,1284.0,1284.0,1284.0,1276.0
1289,2019.02.14,3265.0,5.0,3185.0,3270.0,3145.0,159472.0,1289.0,1289.0,1285.0,1285.0,1285.0,1277.0
1290,2019.02.13,3270.0,0.0,3295.0,3295.0,3205.0,170461.0,1290.0,1290.0,1286.0,1286.0,1286.0,1278.0
1291,2019.02.12,3270.0,60.0,3200.0,3275.0,3075.0,431078.0,1291.0,1291.0,1287.0,1287.0,1287.0,1279.0
1292,2019.02.11,3210.0,445.0,2755.0,3480.0,2755.0,2046858.0,1292.0,1292.0,1288.0,1288.0,1288.0,1280.0
1293,2019.02.08,2765.0,130.0,2895.0,2895.0,2760.0,59660.0,1293.0,1293.0,1289.0,1289.0,1289.0,1281.0
1294,2019.02.07,2895.0,105.0,3000.0,3000.0,2885.0,21961.0,1294.0,1294.0,1290.0,1290.0,1290.0,1282.0
1295,2019.02.01,3000.0,0.0,3040.0,3040.0,2950.0,13612.0,1295.0,1295.0,1291.0,1291.0,1291.0,1283.0
1296,2019.01.31,3000.0,25.0,3025.0,3045.0,2985.0,5125.0,1296.0,1296.0,1292.0,1292.0,1292.0,1284.0
1297,2019.01.30,3025.0,55.0,2950.0,3025.0,2900.0,46342.0,1297.0,1297.0,1293.0,1293.0,1293.0,1285.0
1298,2019.01.29,2970.0,30.0,2960.0,3005.0,2940.0,11826.0,1298.0,1298.0,1294.0,1294.0,1294.0,1286.0
1299,2019.01.28,3000.0,20.0,2960.0,3025.0,2960.0,19853.0,1299.0,1299.0,1295.0,1295.0,1295.0,1287.0
1300,2019.01.25,2980.0,20.0,2905.0,3000.0,2905.0,21246.0,1300.0,1300.0,1296.0,1296.0,1296.0,1288.0
1301,2019.01.24,2960.0,50.0,3010.0,3015.0,2955.0,13865.0,1301.0,1301.0,1297.0,1297.0,1297.0,1289.0
1302,2019.01.23,3010.0,20.0,3020.0,3055.0,2990.0,28219.0,1302.0,1302.0,1298.0,1298.0,1298.0,1290.0
1303,2019.01.22,3030.0,5.0,3045.0,3045.0,2955.0,40555.0,1303.0,1303.0,1299.0,1299.0,1299.0,1291.0
1304,2019.01.21,3035.0,135.0,2905.0,3035.0,2880.0,68307.0,1304.0,1304.0,1300.0,1300.0,1300.0,1292.0
1305,2019.01.18,2900.0,150.0,2750.0,2980.0,2750.0,99041.0,1305.0,1305.0,1301.0,1301.0,1301.0,1293.0
1306,2019.01.17,2750.0,45.0,2715.0,2795.0,2715.0,12154.0,1306.0,1306.0,1302.0,1302.0,1302.0,1294.0
1307,2019.01.16,2705.0,35.0,2765.0,2775.0,2700.0,23514.0,1307.0,1307.0,1303.0,1303.0,1303.0,1295.0
1308,2019.01.15,2740.0,10.0,2690.0,2770.0,2690.0,14012.0,1308.0,1308.0,1304.0,1304.0,1304.0,1296.0
1309,2019.01.14,2730.0,40.0,2650.0,2750.0,2645.0,20613.0,1309.0,1309.0,1305.0,1305.0,1305.0,1297.0
1310,2019.01.11,2690.0,75.0,2620.0,2750.0,2615.0,35338.0,1310.0,1310.0,1306.0,1306.0,1306.0,1298.0
1311,2019.01.10,2615.0,0.0,2610.0,2635.0,2570.0,14470.0,1311.0,1311.0,1307.0,1307.0,1307.0,1299.0
1312,2019.01.09,2615.0,15.0,2610.0,2645.0,2590.0,11279.0,1312.0,1312.0,1308.0,1308.0,1308.0,1300.0
1313,2019.01.08,2630.0,15.0,2635.0,2650.0,2570.0,24629.0,1313.0,1313.0,1309.0,1309.0,1309.0,1301.0
1314,2019.01.07,2615.0,0.0,2620.0,2650.0,2595.0,18512.0,1314.0,1314.0,1310.0,1310.0,1310.0,1302.0
1315,2019.01.04,2615.0,15.0,2630.0,2795.0,2565.0,11412.0,1315.0,1315.0,1311.0,1311.0,1311.0,1303.0
1316,2019.01.03,2630.0,30.0,2700.0,2700.0,2585.0,16793.0,1316.0,1316.0,1312.0,1312.0,1312.0,1304.0
1317,2019.01.02,2660.0,10.0,2670.0,2775.0,2550.0,31405.0,1317.0,1317.0,1313.0,1313.0,1313.0,1305.0
1318,2018.12.28,2670.0,25.0,2635.0,2770.0,2580.0,20662.0,1318.0,1318.0,1314.0,1314.0,1314.0,1306.0
1319,2018.12.27,2645.0,45.0,2755.0,2795.0,2520.0,52506.0,1319.0,1319.0,1315.0,1315.0,1315.0,1307.0
1320,2018.12.26,2690.0,110.0,2800.0,2870.0,2665.0,48636.0,1320.0,1320.0,1316.0,1316.0,1316.0,1308.0
1321,2018.12.24,2800.0,20.0,2760.0,2820.0,2740.0,12676.0,1321.0,1321.0,1317.0,1317.0,1317.0,1309.0
